6.613164731890799
2.871727267987795
3.754590781855503
2.7785712362170134
2.2032038645991854
1.8248021830003212
1.5762984285443677
1.3745445691724572
1.2329852992204495
1.105552782957059
1.00221112795036
0.9071556693780666
0.8111478551073604
0.7294187733374742
0.6823927359413849
0.6494668207681571
0.6564248129542594
0.6130229994573555
0.5493460654282105
0.4577804008184403
0.46961109537434165
0.3665482740956321
0.43603071336944027
0.42711520882821624
0.4188604792780218
0.31246954814071565
0.29652861436077077
0.3462705931812766
0.33741405532468316
0.3545448418863991
0.2400763900575888
0.26937682930394
0.2617136195200015
0.25455750181367987
0.20625999165383832
0.07418028449669507
0.125669551718179
0.2581140390394232
0.05166401995821662
0.09279602611322899
0.37675472377552105
0.6327549712164681
0.3096588530821806
0.20140134949725705
0.3991039034985607
0.20154033835047794
0.18579103420543278
0.7449494595494195
0.29957438989194485
0.14371150459257107
2.831223835704863
4.628543255267016
2.564827375688395
2.05614853083543
1.0245371484017545
0.5635874266361052
0.4030136657674677
0.5827426804401316
0.875538490190549
0.5713996246911961
0.7660300101683845
0.9191892930693369
0.6946237680445085
0.4893204578078188
0.09305124119953744
0.24762903478719786
0.22208338419151788
0.4161160332044061
0.23626322701330818
0.201060679340918
0.2018021606114529
0.29311983535130415
0.5558661901659624
0.3368469365170269
0.10014160016946316
0.2689260138146442
0.273359993760601
0.09835530212321898
0.4565580908703436
0.30343101038600706
0.09910775411176688
0.22805259140934347
0.3861512427614602
0.24321425006447703
0.42169471888669036
0.07663345333290163
0.03533713859590361
0.22270864131815882
0.48406363900257493
0.46843180293668407
0.23659069141945854
0.24595619670724583
1.4395450808869705
1.2122361117001919
0.6504526172706723
0.787278750880711
0.28756889090584264
0.10976459883720283
0.08445188680308713
0.6711448561948521
0.8437701580548547
0.9717785552528228
2.809786092360712
3.7868400735443037
2.3022590229147943
2.3721032664744843
1.177934125036884
0.5271433747712608
0.35502944074646275
0.814621308103023
1.1648902056403236
0.7520807646824377
0.8311649865043615
1.0726340229653497
1.0209092968885156
0.8618420965310463
0.29116913075123924
0.1873877580752943
0.24415801699017606
0.586477855336929
0.3079441615250678
0.048850957916350995
0.1581910095042428
0.25363335411732574
0.2982285552787543
0.2664942317545364
0.19674189625628902
0.39227034015785506
0.1432958812937588
0.501004313984603
0.9147278807577078
0.5016152053082822
0.31081677456448403
0.19117894252812873
0.6648516746980478
0.36853820497516915
0.3224161209049492
0.18837334368278072
0.3576838538348786
0.5539289424071522
0.6826827869347222
0.5313105088397871
0.5499841082878602
0.36057237434287803
1.5214118504746357
1.338682898260434
0.761970608491086
1.1478827472059512
0.4542587414870197
0.2867582371190368
0.30826870674778595
0.5151598692462828
1.217780132345061
1.3074339593535491
1.6680509571658713
1.9692665308057
1.428644561781959
1.630167188317896
0.9404617110465294
0.45419533026945885
0.22483131878045212
0.6546468491273064
0.9112958031298636
0.5284788660323689
0.41954961154869463
0.7854115007871217
0.9284157193473946
0.7823328157899722
0.2929858518401634
0.07357632743972588
0.2921345498240382
0.5100619651392114
0.17899828055353878
0.1808534428847273
0.08858638885207408
0.08673937527271003
0.16593246077798257
0.2851696403947043
0.1651778706135308
0.2852391410760733
0.25926689013833865
0.5133035328450499
0.8866668701097687
0.28891782826660334
0.3923165935103644
0.3127089827333488
0.5181982151475292
0.26137963990582397
0.45561537676743225
0.2163739926760209
0.37607094206535563
0.1469136114630694
0.3750692979707098
0.3004172476127805
0.47290449322675854
0.3215755593597331
0.8920869970553976
0.7331605098354109
0.6757171294794854
0.76131588034103
0.4353695015323651
0.24902873556322724
0.2918973928810883
0.20252126481966426
0.6939674553077773
0.6856565204579789
0.4905986953195045
0.5687703499495256
0.49318916020622316
0.5309303226153532
0.44877451519309475
0.19334194417375136
0.11461128287016442
0.42116438589502697
0.4665786497815583
0.35946325696818815
0.16954417554548473
0.24237608186950155
0.30255542657695395
0.29783750028443595
0.08788698421983472
0.039181423121029235
0.2125121252653807
0.23818664108050475
0.09229729518796577
0.08400291686437777
0.05655887762591139
0.09682941396310998
0.1670761491885316
0.08885003660220467
0.09774722789980289
0.23448508545715155
0.14399961567678463
0.3044996946261323
0.36073416627828747
0.26268192582298033
0.2271214963538405
0.1656060209699618
0.2935576798214439
0.11966790008869341
0.2153823431685819
0.21145039428193543
0.15882748458143936
0.03831806651868555
0.10124079685744328
0.14262745872725183
0.17300169352589095
0.15482687673758036
0.35888577405016575
0.24627647380532114
0.2590297558135714
0.2729885924900083
0.19079358443206743
0.0056799967530000404
0.1008587814883998
0.028552059046431304
0.23622244644054244
0.11875287409692407
0.12984957898841626
0.128271216717787
0.08564629848235146
0.1068707334252449
0.09221856804020755
0.03053831980776574
0.11306397887661067
0.12068459156634954
0.10556525982181246
0.10081814280560156
0.08822001493622317
0.027314037913056796
0.008542366007914108
0.0699921455967338
0.12588077505059436
0.028211819572195727
0.14018699516292443
0.12834617721411973
0.04712058698042351
0.07113863504468054
0.16008652798269235
0.07816160321820953
0.0830561527588487
0.036535441370396965
0.09080611155441891
0.12548250735895797
0.04084404285625225
0.12085080588511884
0.09581573065522772
0.13518657263963196
0.10281751928503627
0.08908530419003996
0.08108721310493092
0.07504322059208149
0.0819476390580152
0.0785155287364926
0.024242270828132243
0.07798519202449741
0.07412347361445047
0.08514551081450297
0.06471780581691275
0.13740930778217733
0.13998962810800847
0.06799020552075329
0.027671971361344132
0.060291032203086084
0.015421110804883183
0.12710349411847255
0.10578310826690218
0.10812142994863047
0.09019382915460399
0.03588115022745873
0.06357662966327722
0.11418992878516175
0.04785798662453985
0.16063005040996528
0.1044613176461779
0.13191290175023268
0.13385476343120095
0.06050188553826744
0.06571002034512152
0.08865828284928168
0.046157327264498844
0.04335725823426519
0.06899670591487206
0.12524219401288733
0.09720635664026331
0.043899215753685376
0.08276998225025531
0.12548606846746813
0.06772688122757667
0.07564142567606678
0.09125421472898372
0.09644240597508469
0.058733787155722986
0.050493420351202946
0.06616299646784804
0.08728590103323973
0.0888319301398913
0.08860683963071771
0.06523166063097154
0.09195224415376028
0.12582371115500957
0.08126754512814198
0.03127038538784623
0.05305358572433853
0.07324134707435462
0.02538241166479066
0.056535470296537015
0.12139217846047133
0.077168461002336
0.10892047230753725
0.06326775349872021
0.11756700981009126
0.10851262636693408
0.07442599831477517
0.06021562239760427
0.0998450089302856
0.09215233573947804
0.11078554334038487
0.11073728663258711
0.08752403335710675
0.05380521318060501
0.030841163321004967
0.05800321687630071
0.09657198464291594
0.07567598256555966
0.11648835934411883
0.10133198111495206
0.06946597356566254
0.1080827149477749
0.05782372821205223
0.012183765015600152
0.02570767730798341
0.04850815227727487
0.02230837059083511
0.06258658546784406
0.07523349288727106
0.041380933572231646
0.058279984410436324
0.07731714158512533
0.11508328296706916
0.04618990315682412
0.048275654063318046
0.03151056524576062
0.06128977197874628
0.005359965222389556
0.051610880448419764
0.058213960923726465
0.06402615061686186
0.06589280359064036
0.06993301046875633
0.0837398655139001
0.07903608253493594
0.08411831343916495
0.03937924966641547
0.07277279891618815
0.08565098332148416
0.06527905368968014
0.050784436485825
0.03963333520062366
0.07312432382731864
0.09095267094321136
0.10176270311378698
0.020664157705951338
0.07348082160380329
0.08755262636304395
0.08613806129147708
0.0429203929980494
0.06910671976455503
0.05169722183557617
0.06879825556970325
0.0504592883573895
0.03207285386998383
0.01599590652065672
0.02702688765002534
0.011872535467157124
0.05101395810510836
0.055956962468887
0.03556564606528127
0.027463007499111566
0.03549129900527775
0.04923610135063603
0.02605884472439342
0.020539378041683102
0.05710777247166492
0.0523917949406481
0.04716331592114629
0.10681424191644323
0.048085201763820876
0.06872294564142087
0.04853645717407694
0.10328431401004422
0.04393337879669715
0.03189680046391393
0.020961669583670246
0.06530145430412115
0.04824218874844148
0.06658619032302314
0.07143890479020065
0.07923310038201278
0.03754516187777835
0.04128873245029725
0.08507760107998227
0.07066693709848355
0.06329755940626089
0.07785608234088083
0.027155101798490164
0.06855337547188976
0.07543125245824205
0.029116042366480667
0.032549339932879194
0.027198659857169828
0.05846655195542719
0.0721180891812415
0.046500793956346015
0.025872318349904687
0.06493205193765351
0.07707945757051413
0.043916734271796376
0.019855163706976896
0.020698997299767662
0.019405989448817697
0.03811987183414098
0.003104096738633991
0.01744413400487071
0.049772876422340635
0.047439438370093
0.04661865203978213
0.05832189332248011
0.047201453048491354
0.03348077304393994
0.040681621583913426
0.06066311592331618
0.01504420331072543
0.0654000779055576
0.0493245067242784
0.09047946046462846
0.04595929436516619
0.11969914400995246
0.1313469451255515
0.09703053435082161
0.08205788732247497
0.0787038909791038
0.08064075782271957
0.0513501608095664
0.046727902516325394
0.08201234826830414
0.06631645737464376
0.0690552126721564
0.07519841066015785
0.05379423726485495
0.0620184074197111
0.07270422437128901
0.07414828991426547
0.12382652519130231
0.07263624718169692
0.08308977764621062
0.06732098929022519
0.04703313562092702
0.056220105088084206
0.05475331204439554
0.043963917558420634
0.017932932787197445
0.07037953767553407
0.07382924565748471
0.06642113643753546
0.03871666597407652
0.05185419349236154
0.04801197548600394
0.06808946266148624
0.01714086286915124
0.04718332748228645
0.0143734163122895
