0.0
2.406713758040521E-5
3.7607182140268546E-4
-2.8510662094697976E-5
-2.3163934088256042E-5
1.2148098020735839E-4
1.1300892920384515E-4
8.358072446847913E-5
-9.265357026508931E-5
1.6138239366129847E-4
8.01243532715598E-4
-3.642135929374051E-5
2.043340005151136E-4
1.429141896854208E-4
2.781142347086455E-4
-6.772223767560782E-5
0.0015373532484537103
2.443774374537611E-4
-6.547424155548443E-4
0.0017538983069904355
0.003892414260882764
-0.007716761509154048
0.0015190107859376733
4.4726835179314986E-4
-6.685904653239341E-4
-3.6720371966511973E-4
-0.007952816487332528
-0.009829627906043619
-0.00675147683849766
0.0011929622618813986
0.017266594162604794
0.011276592985742776
0.009668134471651714
0.011217610741430526
0.012901039025561944
0.02735880086368135
0.0389688217442777
0.052928642516543736
0.052103140733916205
0.05531515862867735
0.06506102836413738
0.08135314114480413
0.07829265686509781
0.0841802746867471
0.08481043648083655
0.1032045087443056
0.11753354302516521
0.11193940922052587
0.13654146173586
0.15259610698585976
0.1510061721306444
0.16156741534844665
0.17027961544489628
0.1696449956186284
0.17609790707720477
0.1870004504803291
0.18936346020618255
0.18408648785296372
0.17614924207531785
0.19720918365095202
0.1483052611098028
0.03082654751374425
-0.0957509286184354
0.10669454474664872
0.4745683961619863
0.5873925876521577
0.4535363005602464
0.31839630063295676
0.24594599526060074
0.26819512533808915
0.2984290167771229
0.31132025709878386
0.284551136984678
0.2802993394968276
0.2895764390170957
0.29421774571219816
0.26741765283287466
0.33210564049625624
0.3111986170694382
0.3263398789310734
0.36755120985436596
0.32051984317466337
0.3668839036453461
0.32664786073895946
0.21560078131435667
0.09896956790284997
0.16890962381799038
0.6182029287141088
1.0150703324051855
0.8504290042515443
0.6058895248027749
0.42548705155154576
0.3599392001081187
0.4220936327068976
0.48667014528821273
0.507337990116617
0.4917243627590741
0.4885493424772285
0.49314613149479153
0.5004169545670101
0.5333511962136741
0.5556580891745638
0.5607244541882911
0.5777672961167276
0.5797276754459508
0.5814384076031416
0.5124152730648719
0.2413718852257813
-0.18968750229516454
0.34863326187002075
1.2412825421904745
1.527149667468186
1.350888553124076
0.9711543572179587
0.7069402846620557
0.7456861355790261
0.785452404350776
0.7989622670745308
0.7808665051060703
0.7577795537345495
0.7335845770093765
0.7374392767577614
0.7538260363158953
0.770448303132739
0.79168278950193
0.7999601978721218
0.8352928822943904
0.830148440514821
0.6847392634559922
0.40199814154404717
0.12950057871643403
0.507152002942111
1.3568584880917047
1.970575942047314
1.8775912755664288
1.5326095230895909
1.155819508731659
1.103410111526615
1.2005644125187016
1.2398106856186317
1.190755591599499
1.0947695623490543
1.012889353029037
0.9690202225877197
0.9883676038263622
0.9602387930966996
0.9733908844596075
0.9927595976601398
0.90054944468421
0.6167084944764993
0.33144206064450066
0.6525833681797796
1.3553897246675848
2.043195675486993
2.351956324405589
2.5251957730257786
2.192090150830236
1.689308287116521
1.4419660786130895
1.359826629671524
1.3405304205455577
1.335113177316117
1.3218245486050921
1.2853493008328627
1.2857407392036586
1.3012592305847601
1.3246613925204669
1.3404512320553892
1.3563306812978375
1.1381326022844955
0.6694670865383573
0.4458550971316668
1.3120657375176885
2.823825697699973
3.249492649254893
2.9490584445068033
2.221342930223903
1.7155504179341647
1.698913104677307
1.817231221416274
1.8098411979348492
1.7557383152007957
1.7094701761065934
1.7185535907342233
1.7275283939390373
1.73639274243001
1.8231621313103714
1.8227719015576118
1.8021437912194023
1.7304573969543726
1.301074462682498
0.5337354549627351
0.6949371126432919
1.949941597130813
3.83425191088588
4.418885238891852
3.5231098431819627
2.368490679732674
2.028270694270381
2.1374978323591787
2.1811044112382274
2.1798256892635473
2.2011356568465987
2.1646491205090546
2.1037575840768623
2.159418475811093
2.239680830695125
2.2971109993829564
2.2460245885624213
2.242693456341081
2.2266211417712394
2.184969253566944
2.0540105622419214
1.513247270132832
0.5642634630336438
1.0229005911735911
2.8495560402875895
5.31607951713304
6.1760755231300335
4.472009728578459
2.655417679900716
2.1868415175491944
2.371714811375824
2.7683019084549194
2.820647464831053
2.6611949690768166
2.598617584594771
2.534650857270009
2.7162866128235765
2.6223214304667164
2.5855640664109725
2.6522203622183556
2.6595964541862367
2.6213360917498867
2.3681778517397944
1.7098354042371167
1.3200138075951915
1.0802429306842372
2.3369980464170013
4.744901499205033
6.1161284913540594
6.32760189434096
4.959226209744999
3.76557296807478
3.1491491450433946
3.1074103363469363
3.1826060356479657
3.071944396004506
3.1132281003418
3.0169105066277124
2.9187950402291167
2.9414698453135415
3.0524708146640274
3.3249792086616705
3.5117789454054438
3.267721851811144
3.0014397134476756
2.052477891190083
0.4793526683754389
0.7621171661016335
4.517847209818567
7.252749860976414
7.5539486688319295
6.363674843547158
4.498649611137668
3.8313041939298245
4.016031001298424
4.124176246307082
4.034753665954078
3.9036577512168433
3.7501864231050455
3.675454355398737
3.6402732894823986
3.5012934917654155
3.6297824814611888
3.6971280134005227
3.6809781130379524
3.706694199783657
3.732488933591042
3.479089615968286
2.7892951895967224
1.5670431467112
1.555851234154622
3.597694599768087
7.245425164224527
8.682011509763248
8.199869240209525
6.440456161786683
4.83956943632881
4.596024950584022
4.487738696537335
4.494161051615351
4.312797359849412
4.246741607810519
4.155776260817762
4.182884557194486
4.234133086479914
4.382649686046117
4.264663994189564
4.2675416832296245
4.492392324912566
4.595599910403869
4.049682840987946
2.7919626982711327
1.6953727133667655
2.6998403883024684
6.332263599969502
10.242094489232757
10.565435168258425
8.279819751702352
5.5447749961835155
4.7061652568372425
4.81485404695499
4.897822070458306
4.819910499940854
4.68657185988588
4.769435474607054
4.962731001865578
4.93735008351389
4.994650500420945
5.136119754502733
5.250902498287406
5.3950119841242925
5.227909249662654
4.458207823301038
2.9890789552872903
1.618237604614245
3.19858744864006
8.718033494248191
11.887934668834047
10.861276985735897
8.244458629939869
5.9563905279918
5.900034590417447
5.933574347379009
5.84538148152941
5.78651497133937
5.603501935454606
5.325235928060637
5.1681502274295745
5.102998049953541
5.288789410724813
5.34972892166135
5.697636558129289
5.472852756273651
4.665913878448712
4.04409073844971
3.4478152675444886
5.495077898568303
9.669643674606352
12.003817911603127
12.700101912566598
8.689825572015156
6.551754102128258
6.214982381530041
5.908304703516311
5.700538346489336
5.9365442696921775
5.829721733150794
5.652144371845533
5.681661012788979
5.991629904991124
6.3045692272610365
6.47883495690435
6.619030761978274
6.545719244360008
5.60828507919274
4.154956644141521
2.177973813860911
4.343371767732965
10.237201086134855
12.981394713031943
12.898404203113934
11.547362374911575
9.358573325884135
8.088214367343477
8.0149480703416
7.826624911436121
7.712506376619174
7.059662826901527
6.708640623920533
6.47017421437307
6.268066328792799
6.220278072269402
6.250432831091216
6.201615309973488
5.755053362535956
5.144389681306081
3.8061215670877213
6.120083198767983
10.803122782264158
13.619335370078055
14.21488310321355
12.10651792758156
9.317974449499834
7.9115407666713295
7.740408351585567
7.651038671188025
7.812651997056893
7.680026645515841
7.630711358357364
7.367673137437362
7.101953978146063
7.048504656452761
6.994322889919994
6.592328325871627
5.227644287359705
4.15683427416447
7.429886949941746
13.382757404520628
15.75022551666377
14.483564474957163
12.085818493997794
9.261528124279913
8.399235881512237
8.708610022886752
8.74702785302311
8.556656228851427
8.54821748294778
8.539433575104924
8.576676238727112
8.660549352264416
8.744882104510442
8.64176009601386
8.018481983175672
5.115133806226425
1.8059433196658552
0.3799372205406099
6.908830481029255
16.81893789304152
19.019974828325825
18.419874886485236
14.543707959973585
10.291284175260376
10.285203821564895
10.525916733755265
10.271987287835078
9.517226369887624
9.356489707258506
8.892621005906273
8.82835856678748
8.712644994324112
8.39222525014202
8.426537939149236
8.204427399373648
7.207742137079817
5.427080087501524
5.293265860865663
7.76470364049841
13.448569499111086
17.07584968011308
18.46313309678094
16.57689724725081
12.282037208312756
10.40866861442735
9.967425382938309
9.307167368716772
9.28976444560491
9.109268397271505
9.308269361560084
9.289937608303703
9.380974611568245
9.417392128285675
9.12204203136441
7.158709104528602
4.399817669769947
2.626532856871631
9.768593338066323
18.261709264547058
20.651337369362484
19.593770611730378
15.619811573253966
12.187661215492644
12.003807732612358
11.991269419030747
11.92046554376957
11.38407321390031
10.668455453387393
10.47401538732
10.395376573286429
10.139013927421306
10.235611321111133
9.738681374197773
9.178245732895824
7.715932495421685
5.762288796705461
6.265465169875845
9.312862789803807
16.328475202755648
21.505707439885036
23.478891445887168
19.45144811748883
14.224380691094009
12.111860478951339
10.790367354435139
10.455238185401441
10.242441936458075
10.529463474885345
10.692458794371417
10.603827795524424
11.084571585548305
11.123392736434175
11.353656383460736
10.368817756185381
7.3209804676435795
3.5426261192707966
3.7489531641556697
16.095919763878634
26.182730469043616
26.011106215771203
19.60706027371976
13.487816955913756
12.014944613430016
13.11588163109917
13.891618353622235
13.605009602970776
12.914600371802008
12.286436179199656
12.125479186218074
11.827988952347312
12.003108210640045
12.247220064176117
12.287863870926422
11.506408133676644
8.932389002120427
0.6172226435869236
2.487382099003836
12.352715254308885
26.809327754243505
30.879362943613657
23.969989872419518
16.8745595115797
13.824832769080968
15.001941650884033
15.476287639748703
14.314966357113722
13.646172767352535
12.686072317311272
12.582661119008634
12.18976107069926
12.590311432807667
12.920567521890828
13.398357352380723
13.6597247611114
10.91737680493516
7.642935015591525
4.569109050628773
3.7695152687376443
16.842996955285162
26.647469743461244
31.135706216886476
24.64009279355668
16.601253908542127
13.939024751453905
14.586484006928538
15.313490150627318
14.903794471543396
14.33877036114112
13.923112022405798
13.274441519308313
13.46845812274491
13.277339015314148
12.310371834316776
11.104353826599201
8.254777802842135
5.388040219543518
7.676971779032907
19.3338403231056
29.24618652610912
31.230250302830374
24.97762984079126
17.415168763110906
14.674137741589062
14.556994407079296
15.080848894015315
14.963745989078847
14.522907055203738
13.836469814314643
14.201087230753734
14.079153007822534
14.119581481861285
13.423166072034775
11.408834545861323
9.21813344140503
9.73979794495735
14.901638566295874
22.334737575650145
27.977448426547944
27.805681519566814
23.6126546449488
19.395717249459707
16.418116621887357
15.534926078594056
15.578136368284271
15.281672920250692
14.813031462017609
14.939324750993558
14.894847327300674
15.27922362982849
15.665495192463121
16.139997376824624
16.0974538887329
15.360017169845923
10.527476323178586
5.493997980639695
4.721236157276308
17.896030920121667
32.197392043287905
38.900155433617186
29.62798577848096
19.50758790373169
16.358143124423567
16.936562906838983
17.786026520915993
17.474486397974665
17.071195492761714
16.215007385427477
15.896169751841253
15.48486581694272
16.07020178549538
16.021002766064502
16.062628594147405
15.555095679302507
12.750627385562545
8.09147243598084
6.175304082359422
9.982603832996162
26.23261314904372
40.79950381461301
39.03977583695253
25.779716644128996
18.633379931522516
17.64766799856391
17.409808360309608
17.359269832269934
17.11904679694666
16.68772043724512
16.44418603547291
16.771140965524946
16.717301080778768
16.854572955147223
16.80026386196838
16.264151288825385
12.540590213104212
5.50936193295484
3.0984300553807427
14.091262573972832
36.34465165826087
46.885826866904466
36.03192726557947
21.689184088555862
16.723162759428426
18.538948123962275
20.066646944780217
20.114778684818386
18.87136878433033
18.02013796257971
17.86340170896055
17.70571512387188
17.547078025144916
17.689094048211928
17.730810073499217
17.974540887749363
17.30800256354116
12.984753452925897
7.5221975988409735
8.355379656748976
16.55032313031939
32.5679322064527
39.93268605801965
36.731872084205975
29.183940202275963
21.290804052750108
21.650424916736295
21.699899990718887
20.81256788338247
18.773386323420524
18.293165574629928
17.60097222547855
17.64070880435447
17.048806413839486
17.19261843328336
16.173701053032776
12.500510935916218
8.067243523842874
6.488381238357412
18.238732158075173
34.31811912625152
42.2168128869272
39.41006213125564
27.979737908199105
22.53966647545007
21.399793271772435
20.688089064809166
20.19023053939908
20.342888935796598
20.059806620551683
19.44743892382723
19.489362488131036
19.311760375619876
19.13320431728639
19.06392008606302
17.116280849732664
11.728504258730426
11.087819749613356
12.111836876143714
20.381323067937743
31.92309392004504
38.926414164863715
41.02605812918677
33.80964671451238
25.099192849870995
21.315868664329145
21.360167336396227
20.72476453423182
20.313561720702136
20.12796974959512
20.28337516352201
20.43923214664743
20.137735114945173
19.834815918993534
19.30064208288197
15.194384302749919
5.532762986845103
3.4628037477277607
18.06724711520836
41.088646976742524
46.8707910788056
43.2350052186167
32.81074372174832
23.74875979242322
22.38897178825422
23.960654213128965
23.772629931950487
22.52212493658174
21.50284515492017
20.71619132913537
20.0449098086536
19.846330099947835
19.885017791545984
21.594433704603997
21.636320975880466
20.120758871003304
17.39882720627747
8.292230712852259
6.2597348078551995
14.481111230334644
34.58764060197646
46.7723277186368
46.25417634183811
37.82653293409029
27.782193831668174
24.04926353726424
24.216881051275337
24.87520181174589
24.18501050938456
23.12296021998345
21.93349487018518
21.10987488911738
20.90159702656391
20.692378093193913
20.109701345315536
19.524713483980275
16.943348121211585
11.85522169026341
7.749054107473817
14.906047643377264
31.00244082960361
41.24593786907542
51.27425410364905
45.939134936362905
31.47994982310432
24.569169302165857
24.613157904231524
23.894327395821588
23.80953411206754
23.341504593073424
22.871631399897556
22.39992133618242
23.208990595191825
22.864350674761397
22.647038801970844
22.299853683775137
17.6889024423558
8.274368120562347
8.807188409453978
16.48284550285971
37.191126758085794
51.71694163044479
47.499018140107005
35.552975517866216
26.577738652557
25.18008612484656
24.828716614375676
24.73922459396454
23.99000142266471
22.973928971468208
23.01261554684444
23.44881654511947
24.01905294647317
23.12846581161614
21.169281359547494
11.466021384712846
5.204676348244736
8.425577014431683
30.56041988300346
51.8280223788377
55.9482843420484
48.62983788238171
34.674701331591656
27.296967234014584
25.310498896254767
26.30072937158329
26.071564681476747
25.025221720759834
23.15776137068226
22.921914841459504
22.0016636629932
21.76290710176064
21.797511511605006
20.870615581210533
18.01467606866969
9.362566383061436
3.3051689302022544
12.018181937339675
35.5710765340186
61.97045554662048
64.56654789867956
49.64579410939364
29.38506001040895
21.757180512200495
23.46743620394648
24.483089819366683
24.66075617039222
25.400294455104422
25.72017436569112
27.308054205382838
27.631469715295935
27.532011868477426
27.43207882971858
25.0652470099376
19.85386285415553
16.757875861906726
12.798804885380925
12.532840437156539
22.113067950205384
37.152597828124854
50.661901793376344
54.893399816365395
49.806005481009294
39.24035088438367
28.355611749903016
24.936479719764392
24.683884408045635
25.73181960455885
25.768958381772762
25.08095432815442
24.971728510868633
23.843999037207116
21.98468645077237
18.223894694064107
14.890464672009582
10.377380964203244
12.442609123534298
22.287418760995873
42.73529651302676
57.79805967820413
57.878751067106336
48.5194528080509
34.85046112046694
25.432645417727333
22.357417364306606
23.574719143312016
25.686344819268893
26.613842029908334
26.501246469266235
26.388192322110825
25.826687008133355
25.712111378670542
22.302926488589197
15.136021795354184
6.448385306956007
16.22898311865495
37.02495949880803
52.75106395814893
58.10391037399788
50.926123228712754
39.188950556635916
32.11826040332961
30.187821346898858
29.771495445398866
29.810317215167906
29.849077110241513
28.209974560375144
26.261017061572904
24.306886855009612
23.2662974091761
22.222909928771784
19.181100182213036
17.36106658447907
8.918562554758044
13.090447945737916
37.4848767007193
62.24963586112443
64.95732064798726
54.19755567212472
38.13837180723157
29.491348125547447
28.750677841248976
28.630593562195944
29.28923821524143
28.233058051228223
27.33035763676741
26.26889306594061
25.674501887145503
25.705689625059552
25.265881339965976
24.353372515424905
20.606086405005517
14.486470723895305
10.560408888002069
14.521104027724085
41.417366706849776
64.73644978925992
65.44690855917405
51.87814403256132
34.782269203401526
28.938321016767805
30.245955979461158
31.8753235349195
31.11429870614256
29.392644422919346
27.346920182891836
26.257278046736634
26.6080414149339
26.959477784523262
27.632991542497336
26.53815943828222
26.246053143350633
24.663161346061056
19.202233929067265
10.981541471781679
11.802776525166639
29.956890291812293
66.47451259732627
70.931054988776
55.408230933725854
37.410568146654114
29.145289128181474
31.78587362196587
34.75852296812776
33.8158519582862
31.398773179790346
29.467587550109716
27.53210314005439
26.741075358337895
25.948231620859623
25.811397976166703
24.357109232024097
23.064431543710032
21.109000433221325
19.644810964460316
19.500057748102254
30.277741283298102
47.538864215488374
60.026239651211505
58.42814119163439
49.01585159998757
37.421363914392806
31.13172354610777
29.663214456106456
29.025900918436033
28.721225176478253
28.750209765479084
29.113865906537022
28.47289720846898
28.669042245732186
28.02609745987794
21.836503400105943
15.802752964071862
15.9866913354361
24.766200992741435
46.552706086752245
59.76950448130016
57.46118383448366
48.04206653086475
38.26581544208119
34.7427255881455
33.75792612011933
34.46952512998668
33.142278813880026
31.812375480257753
30.139163961768897
29.48558277657816
28.318713711721543
27.661952939584776
25.636133720048306
20.5262209067824
6.500125322743037
8.391941970336536
35.34027464058861
60.105065826394274
76.14743018072502
58.493768057792465
42.70229311760272
31.191536961313588
32.082193964781716
33.319682442876605
33.867887322877316
32.34101760791798
31.50388724214279
30.83845087864728
29.82481388954967
29.850893181011518
29.87689659979012
29.902823993908626
28.53624135180837
22.463658966425875
4.8731894107338265
8.018405859520202
27.411544663167884
60.82150803638134
81.16677252281482
65.65165714917332
42.75009047383831
30.157883462711332
33.51810016566087
35.65401518760393
36.03508123188096
32.89726709475803
33.628644935604605
31.012226486036717
32.27220575143805
27.00205433228274
30.204117310474448
29.167398884147644
29.898573110442435
29.568152844619902
23.387901795875205
11.521357114787914
2.654035533479622
25.04210166921222
61.511670709316164
80.06551427242749
69.26450636557293
47.57525742757982
32.98666824080597
32.476381071835036
34.46596512975935
36.279681074181
35.77034150244263
34.364948169222124
32.24066200290509
32.623254363595905
32.10914042078561
31.773708458256746
28.382846425123265
16.894706945913182
12.588029353757666
8.635221126446083
21.617155758205815
51.75074587994666
70.91830650089285
69.70459190286145
54.391694789168135
39.780363694902675
36.369550730178624
34.94608066397478
35.695384688823026
35.720135454818475
34.837333378994785
33.2267239718377
33.43118817434967
33.63581038682858
32.748661949993405
32.042308975700514
30.970421636697896
26.432255421826095
16.41367733232856
5.651355667174844
13.146460772851267
42.04323353869714
72.44130692658644
75.96676258789984
57.879762822026635
36.836261289241804
32.090708887543
35.41494547852733
38.008642473604986
38.583937116279166
35.665869118592646
33.66406227156549
30.923152861270015
30.389560760477977
30.03955052901849
29.50454705198403
28.968785840303124
25.846682283917712
23.644696449029908
20.5154489444988
19.602592939279962
38.31206843124352
52.96835199332418
68.19774424485861
72.13208916894101
55.65904049506067
41.95174869755236
35.473728094231426
33.44930982217226
31.42246900276753
31.068050742637176
31.27171585092852
30.357699131301537
31.306603298136658
30.57788875414384
31.154534400885165
30.984860754976058
29.320388021556102
22.23348650875544
18.131110788678296
17.018113587253684
34.4381125306578
59.93094248801241
78.3287997735203
69.93176448569035
48.95608293174524
34.903558694346664
33.98246690814892
33.43611487128473
33.45306943785227
32.52949772620251
32.16943398769349
32.75027682396237
32.76648417085711
33.72489759646129
33.55283021464566
33.380485059721515
33.585332288425796
30.58023868881369
20.77122475682102
14.921915661742736
19.08899736986714
46.529312020812846
68.88477106353025
74.78663298137802
60.42316738830752
42.25577449360949
35.827948686354866
35.65434704862926
35.8600460701573
35.30633381984452
34.941971956415316
34.387137976291086
34.021832606195254
34.2267045933474
34.241360835941066
34.446283354847246
33.31816444755079
33.71317729319214
33.155399258659926
30.1181886042044
22.88165939237337
15.639143943987778
18.127357604101388
42.581519803499354
71.25858094510069
72.81588458715623
61.562588961786794
47.62220800852739
37.11545564382347
36.938236361892486
36.569253868503246
36.77462942223935
35.63845359211586
33.92613477585957
32.78783615082534
32.03233896577912
32.42781429319082
33.59150139987939
34.56383840752306
34.19176239874645
24.016615728219413
5.566404383593947
6.72237709392352
52.13305461647348
86.7959194386809
77.77573310328185
50.06689332610673
26.963529548863583
31.59781145411639
36.23500591891247
39.91081437430738
40.88805106074403
38.778191998005944
37.43902936354895
35.519644142855796
35.53049794235622
34.96161241958695
33.81247399289977
32.46921677107448
28.224314600087716
20.88181536055539
12.761016568826815
14.700156052818429
35.420039732697475
63.3168082538802
77.08786457462105
74.00866650945052
56.00360583364559
41.47835530670037
37.99873679952438
35.487037544258335
35.49619907519248
34.53490185812502
33.184773599414406
32.80471089999419
32.2301452267802
31.655199135967912
31.079881416769297
30.115481724450618
24.290492396007433
16.518248735819203
14.96609579031289
32.2830973389608
58.55837434521721
73.55708070855746
75.71432879367714
58.5964775366083
44.19762585523718
38.7527962780018
36.61765105584973
36.430186782495674
35.65782536067387
34.105277764423214
33.13696473144881
32.94825510027256
33.73464613414632
33.155599383810056
33.161618314926976
32.777220372381976
31.416614332325526
26.541324933090287
15.611174122567999
14.051425103667672
34.758318630713745
61.13721192559253
78.14568266010046
73.07691958493444
53.93406408527344
38.30388173052231
38.30948563913047
36.75070489743768
36.755865998499495
35.19620833632581
33.63602245943302
32.85788805889399
31.10112359021074
29.930889516129046
26.99884488669129
18.585341217438067
18.587515478976567
23.484220343646278
39.15124626776506
55.60489954456069
68.92834421556776
69.9147359479695
61.30268029642115
48.57474339841241
42.309728187024206
38.5906734941433
35.45872107296328
35.26575243825913
34.092693250209415
32.33132227252153
28.805387544431067
28.61145508268855
27.24111627748069
22.92956056469421
14.891937396425615
15.481114241682972
22.93378323544452
49.21379504011701
73.92753781421786
80.40349421348998
66.28524165688634
47.26180690374045
39.2213547900691
35.691904617865845
35.69315633523961
35.69430376854025
35.30298321977815
34.322976717904936
33.53900896996625
33.53969505873069
34.12888409524496
34.5217865953323
33.93357369218299
31.18698631041528
22.55404021272972
16.079242353145382
12.939914292053862
36.87718323186065
63.168611391104335
74.15551221690205
71.21160527706344
57.67280773492956
43.7418818125729
40.99430473687013
40.01240369441074
38.834264072637076
37.067540371750866
35.49698652901604
34.711089983979825
32.748212695216544
31.766133666075067
32.549298422988144
31.567126095006945
29.604354560834516
13.913999224098712
7.245858904605317
11.951538731742268
45.67580347889815
74.49412490337326
83.11530747643023
71.15127330053049
49.19164716824359
37.62350439311133
39.972426848663154
39.185259078477884
38.39809993634646
36.631261985620625
35.452397996996055
34.27365089239696
33.87856800997068
33.483466846018395
33.08834703842617
32.49738600411318
30.731622718337483
23.48422034364628
11.931638250459754
6.05809580949537
35.61029329178574
64.17675982109371
74.93032354166013
73.94248161297686
58.47914880893864
42.628582293920324
38.124797182423556
38.51051213748135
38.30948563913047
37.52197169127193
35.36643737382371
34.57938209654852
33.79246254579331
34.37319895964326
35.34429658176193
36.31497791886874
34.94208635469914
34.35047004195455
32.00219983228262
25.75143989991871
23.99070916660462
23.401082922008076
36.85551780269755
53.62013954963177
63.94391155482291
65.88098792000744
55.927918149290576
45.39401938993397
37.202129708448034
34.07791814673819
35.62880089392232
34.6477590999953
32.88837820462404
31.51890013177556
31.511973949529164
30.92135220693393
27.02455047876976
20.407182323217544
19.430450470214122
30.89290677676686
48.95639701182949
67.3996453379781
68.93697001754269
59.01740974570227
44.637843089167504
37.25189239144897
34.72011143456568
36.65086288513862
36.83521528003153
36.2438832438407
35.265117063001746
34.67430320090212
35.43969339092495
36.591869696809816
36.58166782758954
35.79715996700571
34.239003711790296
31.520996971743564
20.682359178328362
10.623299183526884
13.519189459154196
32.643075150815726
57.93624233724083
72.20750970475582
71.41309355881805
60.97024332830069
47.64003268771965
42.03218757796004
39.70523191523469
37.57238705772701
35.440811723262144
33.69572385006118
31.566610767842047
30.40118866305058
30.775723634496334
30.765224131527834
30.177805967075813
29.206281253420492
24.968920238208185
19.005789778106255
11.510775933235783
21.295448570347915
52.754065655015765
71.72280148043329
74.38058282554506
66.8784006501674
49.802370229925685
38.86740375194317
35.981040870967796
34.0535994195992
32.701408521096695
33.26234496661193
32.102448177275605
31.325500588417174
31.69501623102019
31.682307647057417
31.86034637281068
30.702820343014498
24.207050530945395
13.523283373035472
10.278754184929335
23.79596641636666
55.19591158962898
75.53269716375014
76.83176947730519
60.8286433798975
45.40926547164214
38.930998706896865
37.96451340676699
36.99875951525074
35.65434704862926
34.87987017581576
34.295504965218555
34.46933755068999
35.21097425985368
33.68057331679414
31.394752581308317
28.54367721323697
19.080019168869644
10.38088721044707
9.43181653293038
18.10908949014375
37.71928769174852
63.34405155080496
76.50528939421662
74.20727710898086
59.29691978959439
45.5302396867444
38.54825882078818
35.896957073154226
34.751389114095765
33.98246690814892
32.46340367530555
30.570583465860373
29.429658035866538
28.852056863365394
28.274966096323947
25.63902706501599
21.695989305292247
13.642749323849914
11.392443149127429
14.001675067895793
32.105130975797536
59.8924674983068
76.64521291204889
78.09408772852775
65.19593063940069
45.05026106969696
39.07000524017766
35.32819229893064
32.519905741006774
31.38667878032473
30.997317859566163
30.608299275696865
31.14689140541904
31.68474999582192
31.851398387312077
32.01774124175884
31.443708753538495
30.685343117370273
26.786235117340528
21.968292425574752
20.109266217870356
33.00930656056393
47.73698478497439
64.47303102301292
69.9568488267251
58.68899541487948
44.308796716538446
38.40016064523009
33.600779267937426
31.560506624110104
30.073002092299376
28.40397478003194
27.469757843854154
26.53664502464648
26.336470745420865
25.40511878384279
20.637841953692636
19.52867684298314
18.238433502524956
33.54407729447496
52.29163282125402
67.73593481347689
68.96418903625704
57.4600399063451
43.06343843872544
37.04066199262088
35.200316179230796
33.906473288316455
32.97677296543118
32.048246892258824
30.758919937470754
30.19473304127248
29.08902879879694
28.526597563892647
27.062474917422225
25.96103571156928
18.913884160701627
13.137422498461701
16.00722399277445
23.548291187035147
47.78992005249676
64.99289556474967
71.40448314473964
64.35898644855905
49.261293805458514
37.587502761398405
33.981376795575095
31.81063690586971
31.429317872572774
31.048457954727063
30.489702438901585
30.288123833493543
30.620980714220487
29.70760792824012
27.906508101824436
23.265437342018274
18.631517490484203
19.32643678309668
22.678906721681507
39.30908763042903
54.143047555578974
63.471583099289965
62.183909402370844
50.12902211444463
39.50456754630079
35.242367697696594
32.39586089301578
30.081772920063585
28.29883382103303
27.572787206088222
27.549964962364097
28.754785671613767
28.555554690559244
27.130884327573046
26.058389950977308
22.890003411783447
21.124093080886098
19.53559796896079
35.03641257857937
51.90420773291737
58.647667583529234
62.94461745321491
55.939913345195336
43.04465974584552
36.24248526566912
31.358345193771086
27.521534366310345
26.978237796127864
19.003697078845867
25.203458825616774
27.07878516176274
28.261137197109573
27.719032815324667
27.693989168288216
26.981236417989074
27.300187295521393
27.103653044076175
28.793193490238576
33.56257486881077
50.98614118174151
50.76792372653674
51.233111691769146
46.065906496006136
40.05572756214658
35.41926695096605
33.514024051741046
31.10223428369276
29.71393517863816
26.80102806927299
27.283929556924203
28.781919435082074
29.769330563829204
30.923735277393146
30.049395846624
27.48962901374916
23.41792256852181
21.879626395666627
23.371926974380607
43.17729713966929
43.80598961345145
50.97370649551502
50.25269409301886
44.34445896151577
36.60865606530002
32.228906709768765
30.193943164033577
28.49635454779208
27.80123626655529
29.436368406878984
30.237102837905145
31.86612211440112
33.325800937857935
34.285304460202454
33.9186830699259
32.230067815454646
30.21453414172822
25.728400808178066
17.62587123472349
19.582817883620674
35.843224059772254
43.690611438002165
48.238963635989556
48.023397598546644
41.094145851911534
33.52528831365857
29.894226772152738
29.698582161033904
29.177134220596045
27.353737306633718
29.60144547849898
29.893954160255443
30.34800676493919
30.63876107684796
30.60478080328681
28.952802676277717
23.58728581374736
19.686529712370213
26.59816073816391
35.588003375128544
50.51018796427156
47.72095100369531
40.44322852056145
31.41817035462937
29.140051383245087
28.146773375858192
26.03713548620576
27.762671180652244
27.88991242007749
29.13133987661234
29.57450486959793
30.969643382457285
31.409327324403225
31.68933267063908
31.17702212441876
30.191434650116314
26.207476116040528
19.86681974964168
17.95251093038013
24.382688254589986
34.72653921577069
47.40001483198183
49.69452847975944
44.15325098783684
34.08934232722147
30.92337385924111
29.949353502625424
29.289238215241443
27.852375181464197
27.817969961400077
27.47298833779133
27.283783942382797
28.333886329311866
27.525072896505723
26.718138237290187
27.45599592924844
27.113178373708728
26.00157549657513
21.97223938010202
22.55832502428679
16.24365104355892
18.060279942218955
29.047455338952556
37.5626489062354
44.530422784902875
51.7846121213873
45.78420801176124
38.735612746764716
31.401707945770358
28.178300115352688
27.38459351585452
26.290549179967023
26.8595688240751
26.37176461344771
26.186184058579382
26.000948175219428
26.41661401225363
26.68108147028939
26.794955501593847
27.95510077900675
27.917314489996865
26.388192322110818
23.3738160185651
19.475175915608766
27.617093173891938
37.36804091938611
39.8345641735229
47.47082090715067
42.08789728559205
35.687131561217335
32.397075973313015
30.29267885742337
28.193985109813337
24.634235119051006
22.549025326533137
22.078447663487225
21.609065848746486
22.5993808030957
24.023677681232726
25.298345099440315
26.423995763965365
28.126343994843747
28.23072876429198
24.864209869662858
20.063327662014096
19.169153965125254
27.491771236691047
38.23400543161909
42.48475581760531
42.279172431218
37.92307275450164
31.435715537922924
29.248619029178727
29.205299600265306
27.16989290751293
24.998292927901346
24.393509121408965
24.781944341186357
24.60330239983076
26.402205626471414
26.644381343604113
26.040861243166812
25.439000507385813
21.18913789965555
10.224507123081874
6.0105660655624655
18.297474753061795
39.893978808109786
53.205139268600455
47.28137891016102
36.79300314908635
27.44613905433613
24.357777913603393
25.840130934694997
27.17967317138342
26.448047654908546
25.856115517156333
24.167061380775205
23.580256824770498
24.638156470505578
25.82922869273547
25.37856654745551
26.155530073057502
25.297308455203922
24.03419394134874
18.571203134190714
10.95953269928094
19.18695098706477
21.31492218042922
28.824916883678885
35.906703419433526
42.427941380111854
41.41979162515122
34.6593067028916
30.192476500381023
26.4072038144681
25.830650249069517
24.458070299435537
24.417270708360213
22.52119920842774
22.483436198358884
21.521135387677027
22.012260933011234
21.185305417809108
20.755204599317185
19.539327699127007
18.19648426818181
19.08055180235266
27.792047072553014
41.16379394097572
39.53223222812474
39.074539266621166
34.600137055433294
29.364629006366144
26.85949306609205
24.62074161632293
22.64703880197085
20.551575902497312
20.38722985570874
21.119559765353124
21.082289481420258
21.555325908373913
21.899166016366898
21.47883198178257
20.298400699440315
17.22185393627814
13.903274958055398
12.489839989973014
23.051051639017885
33.9513395269164
39.664794351567636
45.106617994453885
36.89400764148969
30.209276725895908
25.168877682842
23.754342452191725
23.08983709175966
21.559983964475688
20.777882545740002
20.121990004669613
20.700929555623315
20.41636196222063
19.887091526794105
19.48220309208558
18.71165313375063
17.211189735577054
16.081861526328236
16.416434808412816
24.884614711573143
33.44169904585376
38.21634988279503
39.59216867400132
33.73268497370914
26.09136416578592
24.360762486242663
22.277197237879168
21.397179949655047
20.52038012997949
19.885017791545994
19.965205787259848
20.282197476862667
21.071426911689215
20.675586772564102
19.92727403663515
17.533714496627358
14.79698253170296
13.243436997785894
14.855405782931635
25.336505115550366
32.745314642367646
40.473238977903584
37.95432294429951
31.853731461282205
25.083651993341082
22.032975613674044
21.29747222175987
21.13934703444355
19.83481591899355
18.99322024015302
19.182838929125477
19.485489374082853
18.99047474803167
19.06489342502009
18.00601913479308
16.725253271231395
14.885572332361434
12.377916571046011
20.553165600990813
28.245702169871066
33.332733612149326
34.82569790364546
32.63573745929038
27.78663131316371
24.51079185431444
23.130451208867807
21.64527279782149
21.488934759509007
19.903150821239525
18.653216834118908
17.73701726979723
16.933861616995507
16.679245220942857
16.20793404258988
14.978446019630054
15.379283380827252
14.156620016153992
16.498883844181435
21.952171372485687
30.066350451147628
32.893644546831155
33.89041311079413
28.694397233112415
24.053320808665546
21.875559877491337
20.873045722969167
19.557543241057214
18.986263832664278
18.206797864308438
18.165885305446928
18.229766481477643
17.979477341272727
17.93878115500438
17.06536926101016
15.572624631749784
13.25758104839551
10.332683283498133
11.959276943555029
20.267100877115215
25.764512973255552
29.90472526050005
31.572846638648617
30.68397591786181
27.0524494608448
24.350853771405816
21.560335025006765
19.792700643963506
17.831581765480024
16.88481527551684
16.243207623109843
16.304866866374343
16.465874224996924
16.227584992487017
15.791545954276996
14.465392787924454
12.55215790942651
12.226137340287547
11.409535863745226
16.290203127459026
23.889082705370747
29.98563377465888
33.22619897735255
30.714970484075483
25.40325353826965
20.407375304006585
19.199311668541142
18.189473017736365
17.472465297337063
16.758781289269383
16.335080947130663
15.817964245664616
15.683542669936886
15.549598123098578
15.037704484756432
14.528183372024387
12.797314172356419
11.074978340018271
10.297763769212057
20.828364561870703
30.373589264825053
32.341238751011446
30.40461185163676
23.576329721581562
18.258426017185663
17.7515604255631
17.155306630142096
17.111063818461687
16.701665347848454
15.747838593167032
15.071206441183453
14.760216099281646
14.269963323102232
14.052405854286658
13.65605741307652
13.171971368925536
12.511456797803705
10.427643309136384
13.067838713862043
19.507587903731707
25.647515964559126
30.519352403465117
30.173784025153466
25.091300956915006
20.648301573618046
18.323510858861127
16.53322943709753
15.012798966615758
14.539216252103563
13.809000026884611
13.943539526664708
14.163011983679812
14.552337559629635
14.512363999194372
13.961462954597799
13.328472179576648
12.360036357153104
9.961099384504239
7.8279757095423825
13.432973326274436
19.844009559266603
25.467318941181638
29.97613146532101
27.15129936070454
22.7685770078452
17.667062076848822
15.970138057853061
14.857348442457402
14.733141933089565
14.282862145298392
13.672124107734955
13.632880813141465
13.836469814314643
14.52290705520374
14.480913992973466
14.599416439431872
14.476989076499581
13.477550369419182
8.90444484246816
8.243925776405977
8.456955828483872
15.843163487121092
22.399585311291386
28.603481386284887
28.127993528325593
22.82432663732287
17.551794660772995
15.872983941390903
15.130529600944529
14.623226799828258
14.1954796827524
13.540504476884829
12.965543562012735
12.241724229466758
11.59791278315234
11.4869979873093
11.301198550711835
11.041205486182989
12.20581657418334
12.541651476258975
11.386312486760804
10.089470850777277
14.053377036349522
18.36125657805758
23.744934558643997
25.28331221833801
21.697006184444184
16.74885688514461
13.574038490243076
13.096962912121738
13.127712310262162
12.65458246274847
12.542686611116535
12.073950617537674
12.106635777622817
12.209899733015515
12.241498693427069
12.34322381598748
12.303414837892795
11.702850377438368
10.82646766972976
8.910905941559317
9.853710901817596
14.803212223092649
19.030479673845786
22.061179254437924
20.892404745639617
18.228648804935936
14.629285566570081
13.291940618938591
12.77449815747614
12.327627624505354
12.084963198234183
12.044479757400953
11.670491765903797
11.498230133210564
11.06186603750818
10.760292709912632
10.394733523666291
10.097028696337913
9.866507144134365
9.89791255756058
12.979952501288743
17.010997787302678
20.046948985240295
20.363184282597775
17.539597125068386
14.543782520342424
13.157966005077856
11.971590425597942
11.361469489082364
10.566628364890102
9.902523568434928
9.242873881268617
9.396952680343475
9.363643946715491
9.76304434254785
10.405755363995148
11.16640137801231
9.842238399377608
8.892924304146762
11.714367721439206
14.454748925030355
16.39147166364447
17.41298309997152
16.631591112779784
15.080464001085588
13.302700870878825
12.366181963796585
11.672102115250784
11.100346932771892
10.298424482748613
9.852065590706408
9.524975586862643
9.605251505432996
9.800029353038166
9.533533669344674
9.268803623361894
8.264615552770524
7.267785355738303
5.995366506436161
9.693164186679228
14.0365607209526
17.395538672889717
18.833674881848125
16.540810427024496
13.822699600775854
11.56584728657049
11.356495226371202
10.711169332115773
10.179473935625584
9.326219938502561
8.80353105880531
8.984282653002843
8.948973443123593
8.806924877548747
8.984846323833812
8.94924657416611
8.860932135544415
8.457787886783965
7.115520328388533
7.660444117687397
10.485286715235357
13.700857974623712
16.52965195276413
16.924355845214414
14.097018226612203
11.190481704319831
10.18206512609544
9.635753030614959
9.344916137067216
8.856008744405043
8.271190111573741
7.939136595293891
7.757889726145318
7.725593074984621
7.840394841138867
7.758759944041513
7.9692269185131615
7.209632623079005
7.516587535930588
9.740516463250277
11.993128285785165
14.035918385947769
14.544606988863091
13.20843837510812
11.319553656298758
9.6804139444718
9.219444639137542
8.437556745856066
8.262403689794894
7.904629595820223
7.412412051224774
7.152102270119922
7.029951350789667
6.9538169566143555
6.87812999566996
7.1162836587081655
6.728094041186448
7.8961898278146725
9.848771507246653
11.783594316740215
13.394243062736637
13.595361775025609
11.364662014937494
9.3696715331256
8.166291021665806
7.701094212806739
7.538073755900097
7.630711358357367
7.51118875124923
7.392503919362193
7.358295713342389
7.407397817183615
7.372918046744052
7.214780139814838
7.263089598483778
7.024713396405399
6.219070004650778
5.906408000234162
5.87842109973773
7.975017589215283
9.612568903083579
11.075351190845653
11.89153344323964
11.087193914145418
9.703163825594213
8.371052023103383
7.671584418086439
7.132871997235834
6.867771612291232
6.681372500657394
6.572541308762643
6.6157830030249105
6.432566739375853
6.5878818029545245
6.517861570304308
6.299996340745958
5.715207172328205
5.392926141278255
5.767429010592561
6.828193892059314
8.420158593838755
9.600075185297067
10.23092846766325
9.858243696795862
8.851514919697058
7.537650608020466
7.043100774288858
6.797421181146475
6.727421771886438
6.485328431107784
6.21114612481034
6.281006792796119
6.281925584235532
6.1811961821571275
6.081251247149925
6.048947577196417
5.81720850462988
5.6207434269266106
5.426119342136222
4.906144325864322
4.456614727555819
4.303016312091394
5.856937316584153
7.617814195227265
9.486508857292034
10.574383778234221
9.571464389892807
7.733571543359083
6.445005877275894
5.913660010482742
5.511111292397391
5.265896765485485
5.1754236710844586
5.29767248702638
5.117177362463096
5.207912334972318
5.208045340678018
5.237506623473607
5.236930502441201
5.265347074564704
5.2931601850495476
5.175758035092587
4.541847777597869
4.086571193734588
4.972126691366165
5.790561859886214
7.076570207627133
8.095775252397294
8.186564356208645
7.392919647364248
6.3888821919071095
5.66907178993254
5.336920055134408
4.954582782649167
4.951364714337903
4.841462755967912
4.759058284715355
4.861370794409266
4.779281090001359
4.671949985343005
4.617263473563348
4.383479811418149
4.152326879597569
3.721210494152478
3.5972154192996895
3.2494984295697265
4.645295415302418
6.294781438499616
7.260585652825234
7.57986424004634
6.732011758610722
5.50954651241549
4.82842766465277
4.702120063578752
4.482737308742291
4.383133696709139
4.168075351175794
4.024966278629753
3.9294344949093887
3.857727000779976
3.8320654938534346
3.7839482923661834
3.691449398869992
3.5554707956748066
3.244438259482935
3.332087714434545
4.594409517325735
5.6445648215928514
6.2288487200056775
6.185968223330479
5.507602802031215
4.6488255637303055
4.219468291635357
4.044732999408138
3.8309241919756567
3.7834704794932827
3.675454355398743
3.62917995869723
3.58327562467291
3.3985762862711764
3.1767702865855294
2.7619395914069376
2.5279410752297853
2.7026657831144223
2.7596052622910334
3.843102966125824
4.740402612017705
5.530355480931709
5.842900354796366
5.300589401203744
4.545885657214569
4.002222914522788
3.628895952441566
3.4400918189580887
3.3249792086616727
3.0877699813129205
3.011525571920146
2.9883107307213335
2.982421400449888
2.9250142393963823
2.8852000417712156
2.8120459093515597
2.656213330782205
2.5357322832320177
2.301777461793286
2.038675212286579
3.0905627169606382
3.9808217183957244
4.808602033166765
5.164457532416572
4.620996339964437
3.7906694122682514
3.173867117281537
2.9948010367840747
2.8183723139788914
2.6896568311286106
2.607507536201289
2.4968906881703172
2.431820333832183
2.425696919058974
2.4914340989234867
2.4986434572685536
2.4346498814497366
2.3153312226574014
2.1978049507165647
1.985509407214419
2.145825359679081
2.926447884520178
3.65269027469181
3.979604875493034
4.036367748167533
3.3725304499414537
2.79791516119256
2.567110340887645
2.4419322691589826
2.3691395993090394
2.2848821767956085
2.2389946752604124
2.1446253540098397
2.124585010259012
2.1407222236751022
2.108600809438475
2.029581662828409
1.8582510798523924
1.5393960618311358
1.5016344261113663
1.6915084506985771
2.495984486614056
3.0283541436518333
3.3403893085389638
3.1763650201242184
2.7340715193408127
2.3322339935564975
2.139320743346911
2.065291529852997
1.992430052773878
1.9310027530848992
1.8400112377229052
1.7807761303416105
1.7423878119863734
1.7439279708801612
1.715888614559721
1.6013024907833646
1.4411186228350488
1.2274033479375976
1.2422740960609198
1.2935802795826972
1.8098411979348492
2.1880023491091807
2.548593365395542
2.732762759819185
2.579977009561241
2.127352568617729
1.7784760610936632
1.6569204205706765
1.604657640175514
1.5532619529755631
1.5435731720955745
1.4691963503653487
1.4201768331906106
1.3641131732616203
1.2934837718920054
1.1934307392964796
1.0878758976921867
1.0297080145613027
1.0841263034670767
1.0562766496566613
1.4057629295125014
1.6962933197084535
2.0287924858649147
2.247873004006258
2.0266232566626075
1.6606591250787008
1.3707142128721819
1.2403813990080401
1.1654582830801745
1.124486235086112
1.1034246056425394
1.0952164961068078
1.0869344066470592
1.1092302925540418
1.1185377519882762
1.0914923734691377
1.064871183020358
1.0444755091643356
1.0071652072277055
0.9423654833659668
0.7900338949500494
0.6252551909539186
0.5893285991012036
1.092746587321332
1.5919778698373344
1.8692191844154533
1.7091972344659878
1.3220128138413012
0.9804348756604063
0.9169718914805195
0.893530323408085
0.856286828867597
0.8105505521122087
0.7796834859266645
0.7675480666324916
0.7643965065822722
0.7654319539364657
0.7575321759866638
0.7284089916771336
0.6457542545001478
0.5737086369919467
0.536029743114098
0.5628027575366845
0.7638772283439633
0.9502459594636905
1.1035551699772193
1.162314317957505
1.065741386146239
0.8790872257013042
0.7055540518740621
0.6584884344816672
0.6297072506716599
0.5983217744397948
0.584090626082934
0.5604692319701411
0.5531445565105431
0.5457984141962868
0.5354067850785561
0.516210756294738
0.49454878527782953
0.4477639315754226
0.3773750588362819
0.3835276527481188
0.41336724676982056
0.5785224605682301
0.6773522636146244
0.779252397978952
0.7381392181613508
0.6233388069440351
0.49642128130333163
0.44629274183230117
0.4432545307953789
0.43338710187581225
0.4193056458229912
0.4034183206111527
0.3796758022928283
0.36477760958168964
0.35223641874975437
0.3419062144812493
0.3242697034296211
0.2943884919806929
0.2532054718652453
0.19642292618741558
0.2151610635538002
0.24099785953105632
0.35372063925527836
0.43675230679523597
0.47839075031894585
0.46540680880382845
0.3819602066803102
0.3068374273631158
0.26410990551006347
0.2512365693798618
0.23878118499204876
0.23172159703770087
0.21147101001035504
0.20268329258122528
0.1907328237792979
0.18253721750299115
0.1692532534465781
0.14109347540820516
0.10455721793224758
0.11356545235943821
0.14037814760806114
0.21090753488901223
0.24675055352760167
0.25540246373419256
0.22352608049304284
0.18885977887004607
0.16082269470422664
0.14241610875091798
0.13265787347533015
0.12862409055985533
0.12016326894258948
0.11571554850694664
0.1090041452608549
0.10532685776826996
0.10430515014150485
0.10204066002720366
0.0996509833663563
0.09485298307128524
0.08973734681072845
0.0835429041524422
0.07842224840091087
0.0727578936051015
0.06737039411967012
0.06324657033324206
0.0595828398839658
0.05602824591006414
0.052307434902625904
0.049504452262981155
0.046742494608184075
0.0438003381017377
0.04093761973320754
0.03873728108399476
0.03599480646622172
0.03317360536527139
0.030467428774269653
0.028015012103560947
0.025526609694559554
0.02326850551763288
0.02068979906322864
0.018476701661837316
0.016398202636796682
0.01415906594130967
0.012122195423620577
0.010616112953778716
0.009105364017747707
0.007799790730017831
0.006623437650933927
0.005588639368122102
0.004619722142969599
0.0036868754442605923
0.0027525484868190873
0.002032613763869353
0.0014187120474231383
9.033926948254971E-4
5.004196924936643E-4
2.2126256054860456E-4
5.5029037220884325E-5
0.0
