0.0,9.507546
0.02,8.232681
0.04,32.160908
0.061,-1.0836358
0.08,-0.4952362
0.1,1.6622266
0.12,1.0738275
0.14,0.5834949
0.16,-0.4952362
0.181,0.6815613
0.2,2.7409577
0.22,-0.10297055
0.24,0.48542848
0.26,0.28929508
0.28,0.48542848
0.3,-0.10297055
0.32,2.0544922
0.34,0.28929508
0.36,-0.6913702
0.38,1.6622266
0.4,3.3293567
0.42,-5.986961
0.44,1.0738275
0.46,0.28929508
0.48,-0.39716977
0.5,-0.20103696
0.52,-4.0256305
0.54,-4.61403
0.56,-2.9468987
0.58,0.48542848
0.6,6.5655513
0.62,4.015822
0.64,3.2312903
0.66,3.52549
0.68,3.8196893
0.7,7.644283
0.72,10.292078
0.74,13.234074
0.76,12.351475
0.78,12.449541
0.8,13.920539
0.819,16.568335
0.839,15.195404
0.86,15.58767
0.88,14.99927
0.899,17.450933
0.919,19.019997
0.94,17.352867
0.96,20.294863
0.979,21.765862
0.999,20.687128
1.019,21.275526
1.04,21.569727
1.06,20.687128
1.079,20.687128
1.099,21.17746
1.119,20.687128
1.14,19.412264
1.159,17.941267
1.179,19.412264
1.199,14.116672
1.219,2.839024
1.239,-8.53669
1.259,9.213347
1.279,39.71203
1.299,47.655415
1.319,35.691303
1.339,24.315588
1.359,18.235466
1.379,19.314196
1.399,20.88326
1.419,21.17746
1.439,18.823864
1.459,18.039333
1.479,18.1374
1.499,17.941267
1.519,15.881869
1.539,19.21613
1.559,17.549
1.579,17.941267
1.599,19.706463
1.618,16.764467
1.639,18.725798
1.659,16.274136
1.679,10.488211
1.698,4.702288
1.718,7.840416
1.739,28.042116
1.759,45.00762
1.778,36.868103
1.798,25.688519
1.819,17.647066
1.839,14.607005
1.859,16.764467
1.878,18.92193
1.898,19.314196
1.919,18.333532
1.939,17.843199
1.958,17.647066
1.978,17.549
1.999,18.333532
2.019,18.725798
2.038,18.529665
2.058,18.725798
2.078,18.431599
2.098,18.1374
2.118,15.685737
2.138,7.252017
2.158,-5.594695
2.178,10.095945
2.198,35.299034
2.218,42.654022
2.238,37.064236
2.258,26.178852
2.278,18.725798
2.298,19.412264
2.318,20.09873
2.338,20.09873
2.358,19.314196
2.378,18.431599
2.398,17.549
2.418,17.352867
2.438,17.450933
2.458,17.549
2.478,17.745132
2.497,17.647066
2.518,18.1374
2.538,17.745132
2.558,14.4108715
2.577,8.330749
2.597,2.6428912
2.618,10.194012
2.638,26.865318
2.658,38.437164
2.678,36.08357
2.697,29.02278
2.717,21.569727
2.737,20.294863
2.757,21.765862
2.777,22.158127
2.797,20.981327
2.817,19.019997
2.837,17.352867
2.858,16.372202
2.878,16.470268
2.897,15.783803
2.917,15.783803
2.938,15.881869
2.957,14.214738
2.977,9.605613
2.997,5.094554
3.017,9.899813
3.038,20.294863
3.057,30.199577
3.078,34.31837
3.097,36.377766
3.117,31.180244
3.137,23.727188
3.157,20.00066
3.177,18.627731
3.197,18.1374
3.217,17.843199
3.237,17.450933
3.257,16.764467
3.277,16.568335
3.297,16.568335
3.317,16.6664
3.337,16.6664
3.357,16.6664
3.376,13.822473
3.397,8.036549
3.417,5.2906866
3.436,15.391537
3.456,32.74931
3.476,37.26037
3.497,33.435776
3.517,24.903986
3.537,19.019997
3.557,18.627731
3.577,19.706463
3.597,19.412264
3.617,18.627731
3.636,17.941267
3.656,17.843199
3.676,17.745132
3.696,17.647066
3.716,18.333532
3.736,18.1374
3.757,17.745132
3.776,16.862534
3.796,12.547607
3.816,5.094554
3.836,6.5655513
3.856,18.235466
3.876,35.495167
3.896,40.49656
3.916,31.964777
3.937,21.275526
3.956,18.039333
3.977,18.823864
3.996,19.019997
4.016,18.823864
4.036,18.823864
4.056,18.333532
4.076,17.647066
4.096,17.941267
4.116,18.431599
4.136,18.725798
4.156,18.1374
4.176,17.941267
4.196,17.647066
4.216,17.156734
4.236,15.979936
4.256,11.665009
4.276,4.310022
4.296,7.742349
4.316,21.373592
4.335,39.515896
4.356,45.497955
4.376,32.651237
4.396,19.21613
4.415,15.685737
4.435,16.862534
4.455,19.51033
4.475,19.706463
4.495,18.431599
4.515,17.843199
4.535,17.2548
4.556,18.333532
4.576,17.549
4.595,17.156734
4.615,17.450933
4.636,17.352867
4.655,16.9606
4.675,15.195404
4.695,10.880478
4.716,8.330749
4.736,6.7616844
4.755,14.508938
4.775,29.218912
4.795,37.358433
4.815,38.3391
4.835,29.80731
4.856,22.452324
4.876,18.627731
4.895,18.235466
4.915,18.529665
4.935,17.745132
4.955,17.843199
4.975,17.156734
4.995,16.470268
5.015,16.470268
5.035,16.9606
5.055,18.333532
5.075,19.21613
5.095,17.745132
5.115,16.17607
5.135,10.978544
5.155,2.5448248
5.175,4.015822
5.195,23.629122
5.215,37.652634
5.235,38.927498
5.254,32.553173
5.275,22.844591
5.295,19.314196
5.314,20.09873
5.335,20.490995
5.355,19.902597
5.374,19.118063
5.394,18.235466
5.414,17.745132
5.434,17.450933
5.455,16.6664
5.475,17.156734
5.495,17.352867
5.514,17.156734
5.534,17.156734
5.555,17.156734
5.574,15.881869
5.594,12.645674
5.615,7.0558844
5.635,6.957817
5.654,15.979936
5.674,31.964777
5.694,38.0449
5.715,35.691303
5.734,27.845984
5.754,20.785194
5.774,19.608397
5.794,19.019997
5.814,18.92193
5.834,18.039333
5.854,17.647066
5.874,17.156734
5.894,17.156734
5.914,17.2548
5.934,17.745132
5.954,17.156734
5.974,17.058668
5.994,17.843199
6.014,18.1374
6.034,15.881869
6.054,10.880478
6.074,6.5655513
6.094,10.390144
6.114,24.217524
6.134,38.927498
6.154,39.90816
6.174,31.082176
6.194,20.687128
6.214,17.450933
6.233,17.745132
6.253,17.941267
6.273,17.549
6.293,16.9606
6.313,17.156734
6.333,17.745132
6.354,17.549
6.374,17.647066
6.394,18.039333
6.414,18.333532
6.434,18.725798
6.453,18.039333
6.473,15.29347
6.493,10.194012
6.514,5.4868197
6.533,10.782412
6.554,29.218912
6.573,39.61396
6.593,35.9855
6.613,27.159515
6.634,19.51033
6.653,19.21613
6.674,19.21613
6.693,18.823864
6.713,18.529665
6.733,17.843199
6.753,16.862534
6.773,16.274136
6.793,15.979936
6.813,16.470268
6.833,16.568335
6.853,17.549
6.873,16.764467
6.893,14.214738
6.913,12.253408
6.933,10.390144
6.953,16.470268
6.973,28.826647
6.993,35.593235
7.012,37.4565
7.033,25.492386
7.053,19.118063
7.073,18.039333
7.093,17.058668
7.113,16.372202
7.133,16.9606
7.153,16.568335
7.173,15.979936
7.193,15.979936
7.213,16.764467
7.233,17.549
7.253,17.941267
7.273,18.235466
7.293,17.941267
7.312,15.29347
7.332,11.272743
7.352,5.879086
7.372,11.665009
7.392,27.355648
7.412,34.514503
7.433,34.12224
7.452,30.39571
7.472,24.51172
7.492,21.079393
7.512,20.785194
7.532,20.196793
7.553,19.804527
7.572,18.039333
7.592,17.058668
7.612,16.372202
7.632,15.783803
7.652,15.58767
7.672,15.58767
7.692,15.391537
7.712,14.214738
7.732,12.645674
7.752,9.311414
7.772,14.901204
7.792,26.178852
7.812,32.84737
7.832,34.12224
7.852,28.924715
7.872,22.158127
7.892,18.725798
7.912,18.235466
7.932,17.941267
7.952,18.235466
7.972,17.843199
7.992,17.647066
8.012,16.9606
8.032,16.274136
8.051,16.078003
8.072,15.881869
8.092,14.901204
8.112,11.763076
8.131,9.311414
8.151,16.568335
8.171,29.709248
8.192,34.808704
8.212,31.866707
8.231,26.473053
8.251,20.196793
8.271,18.235466
8.291,18.823864
8.311,18.823864
8.331,18.333532
8.351,18.235466
8.371,18.1374
8.391,18.1374
8.411,18.235466
8.432,18.333532
8.451,18.039333
8.471,16.6664
8.491,10.586279
8.511,3.721623
8.531,0.7796277
8.551,14.116672
8.571,34.220306
8.591,38.535233
8.611,37.1623
8.631,29.218912
8.651,20.589062
8.671,20.490995
8.691,20.88326
8.711,20.294863
8.731,18.725798
8.751,18.333532
8.771,17.352867
8.791,17.156734
8.811,16.862534
8.831,16.17607
8.851,16.17607
8.871,15.685737
8.89,13.724406
8.911,10.292078
8.931,9.997879
8.951,14.607005
8.971,25.198187
8.991,31.866707
9.01,34.31837
9.03,30.68991
9.051,22.648457
9.071,19.118063
9.091,18.235466
9.111,16.9606
9.131,16.862534
9.151,16.470268
9.17,16.764467
9.19,16.6664
9.21,16.764467
9.23,16.764467
9.25,16.17607
9.271,12.645674
9.29,7.742349
9.31,4.6042213
9.33,17.058668
9.351,31.768644
9.371,35.789368
9.391,33.82804
9.41,26.865318
9.43,20.88326
9.45,20.490995
9.47,20.39293
9.49,20.196793
9.51,19.21613
9.53,17.941267
9.55,17.549
9.57,17.352867
9.59,16.862534
9.61,16.9606
9.63,16.078003
9.65,15.097337
9.67,12.645674
9.69,9.40948
9.71,10.194012
9.73,15.097337
9.75,26.374985
9.77,34.61257
9.789,37.652634
9.81,31.082176
9.83,22.648457
9.85,19.21613
9.87,17.058668
9.89,16.470268
9.91,16.078003
9.93,16.470268
9.95,16.6664
9.97,16.470268
9.99,17.156734
10.009,17.156734
10.03,17.450933
10.05,15.881869
10.07,11.174677
10.09,5.388753
10.109,5.682953
10.13,24.315588
10.15,39.417828
10.17,39.025562
10.189,29.31698
10.209,20.09873
10.229,17.843199
10.249,19.412264
10.269,20.490995
10.289,20.00066
10.309,18.92193
10.329,17.941267
10.349,17.647066
10.369,17.156734
10.389,17.352867
10.409,17.647066
10.429,17.647066
10.449,16.470268
10.469,12.743741
10.489,0.87769413
10.509,3.52549
10.529,17.450933
10.549,37.750698
10.569,43.34049
10.589,33.53384
10.609,23.531055
10.629,19.21613
10.649,20.785194
10.669,21.373592
10.688,19.706463
10.708,18.725798
10.728,17.352867
10.748,17.156734
10.769,16.568335
10.789,17.058668
10.809,17.450933
10.829,18.039333
10.849,18.333532
10.869,14.607005
10.888,10.194012
10.908,6.075219
10.928,4.996487
10.948,22.256191
10.968,35.1029
10.989,40.88883
11.009,32.258972
11.028,21.667791
11.048,18.1374
11.068,18.92193
11.088,19.804527
11.109,19.21613
11.129,18.431599
11.149,17.843199
11.168,16.9606
11.188,17.156734
11.208,16.862534
11.228,15.58767
11.248,14.018605
11.268,10.390144
11.288,6.7616844
11.308,9.605613
11.328,24.119455
11.348,36.377766
11.368,38.731365
11.388,30.886044
11.408,21.471659
11.428,18.039333
11.448,17.843199
11.468,18.431599
11.488,18.235466
11.508,17.647066
11.528,16.764467
11.548,17.156734
11.568,16.9606
11.588,16.9606
11.608,16.078003
11.628,13.62634
11.647,10.978544
11.668,11.566942
11.688,17.647066
11.708,26.374985
11.728,32.945442
11.747,32.651237
11.767,27.649849
11.788,22.648457
11.807,19.118063
11.828,18.039333
11.848,18.039333
11.867,17.647066
11.887,17.058668
11.908,17.156734
11.927,17.058668
11.947,17.450933
11.968,17.843199
11.988,18.333532
12.007,18.235466
12.027,17.352867
12.048,11.861143
12.067,6.1732855
12.087,5.2906866
12.108,20.00066
12.128,35.887436
12.147,43.242424
12.167,32.84737
12.187,21.569727
12.207,18.039333
12.227,18.627731
12.247,19.51033
12.267,19.118063
12.287,18.627731
12.307,17.647066
12.327,17.2548
12.347,16.764467
12.367,17.352867
12.387,17.2548
12.407,17.2548
12.426,16.6664
12.447,13.62634
12.467,8.624948
12.487,6.5655513
12.507,10.586279
12.527,27.747917
12.547,43.04629
12.566,41.08496
12.587,27.061451
12.607,19.51033
12.626,18.431599
12.647,18.1374
12.667,18.039333
12.686,17.745132
12.706,17.2548
12.727,16.9606
12.746,17.2548
12.766,17.156734
12.786,17.2548
12.807,17.156734
12.826,16.568335
12.846,12.743741
12.866,5.5848866
12.886,3.1332238
12.906,14.214738
12.927,36.5739
12.946,47.067017
12.966,36.08357
12.986,21.667791
13.006,16.6664
13.027,18.431599
13.046,19.902597
13.066,19.902597
13.086,18.627731
13.106,17.745132
13.126,17.549
13.146,17.352867
13.166,17.156734
13.186,17.2548
13.206,17.2548
13.226,17.450933
13.246,16.764467
13.265,12.547607
13.286,7.252017
13.306,8.036549
13.326,15.881869
13.346,31.180244
13.366,38.142967
13.385,35.004837
13.406,27.747917
13.426,20.196793
13.445,20.490995
13.466,20.490995
13.486,19.608397
13.506,17.647066
13.525,17.156734
13.546,16.470268
13.566,16.470268
13.586,15.881869
13.605,15.979936
13.626,14.99927
13.646,11.566942
13.666,7.4481497
13.686,5.977153
13.705,16.764467
13.725,31.474442
13.745,38.633297
13.766,35.9855
13.785,25.492386
13.805,20.490995
13.826,19.412264
13.846,18.725798
13.865,18.235466
13.885,18.333532
13.905,18.039333
13.926,17.450933
13.945,17.450933
13.965,17.2548
13.985,17.058668
14.005,16.9606
14.025,15.195404
14.045,10.390144
14.065,9.801746
14.085,10.684345
14.105,17.941267
14.125,28.042116
14.145,34.12224
14.165,35.887436
14.185,29.513113
14.205,21.863924
14.225,18.529665
14.245,18.529665
14.265,17.941267
14.285,17.549
14.304,17.352867
14.325,17.450933
14.345,17.549
14.365,17.2548
14.384,16.9606
14.404,16.470268
14.425,12.939875
14.445,4.702288
14.465,2.937091
14.485,15.29347
14.505,34.710636
14.525,39.515896
14.544,36.377766
14.564,27.55178
14.584,19.902597
14.604,18.725798
14.624,20.00066
14.645,19.804527
14.664,18.725798
14.684,17.843199
14.704,17.156734
14.725,16.568335
14.744,16.372202
14.764,16.372202
14.784,17.745132
14.804,17.745132
14.824,16.470268
14.844,14.214738
14.864,6.7616844
14.884,5.094554
14.904,11.763076
14.924,28.042116
14.944,37.848766
14.964,37.358433
14.984,30.493778
15.004,22.35426
15.024,19.314196
15.044,19.412264
15.064,19.902597
15.084,19.314196
15.104,18.431599
15.124,17.450933
15.144,16.764467
15.164,16.568335
15.184,16.372202
15.203,15.881869
15.223,15.391537
15.244,13.33214
15.264,9.311414
15.283,6.075219
15.303,11.665009
15.323,24.217524
15.343,32.160908
15.363,39.90816
15.384,35.691303
15.404,24.413656
15.424,19.019997
15.443,19.019997
15.463,18.431599
15.484,18.333532
15.504,17.941267
15.523,17.549
15.543,17.156734
15.563,17.745132
15.584,17.450933
15.603,17.2548
15.623,16.9606
15.643,13.430206
15.664,6.271352
15.684,6.6636176
15.703,12.449541
15.723,28.042116
15.743,38.927498
15.763,35.691303
15.783,26.669186
15.803,19.902597
15.823,18.823864
15.843,18.529665
15.863,18.431599
15.883,17.843199
15.903,17.058668
15.923,17.058668
15.943,17.352867
15.963,17.745132
15.983,17.058668
16.003,15.58767
16.023,8.428815
16.043,3.8196893
16.063,6.1732855
16.083,22.35426
16.103,37.848766
16.123,40.790764
16.143,35.397102
16.163,25.198187
16.183,19.804527
16.202,18.333532
16.223,19.019997
16.243,18.823864
16.263,18.039333
16.282,16.6664
16.302,16.470268
16.323,15.783803
16.343,15.58767
16.362,15.58767
16.382,14.901204
16.403,12.841808
16.422,6.6636176
16.442,2.348692
16.463,8.526881
16.483,25.198187
16.503,43.830822
16.523,45.59602
16.542,35.004837
16.562,20.687128
16.582,15.29347
16.603,16.470268
16.622,17.156734
16.642,17.2548
16.662,17.745132
16.682,17.941267
16.702,19.019997
16.722,19.21613
16.742,19.118063
16.762,19.019997
16.782,17.352867
16.802,13.724406
16.822,11.566942
16.842,8.821081
16.862,8.624948
16.882,15.195404
16.902,25.492386
16.922,34.710636
16.942,37.554565
16.962,34.024174
16.982,26.76725
17.002,19.314196
17.022,16.9606
17.041,16.764467
17.062,17.450933
17.082,17.450933
17.102,16.9606
17.121,16.862534
17.142,16.078003
17.162,14.803138
17.181,12.253408
17.201,9.997879
17.222,6.957817
17.242,8.330749
17.262,14.901204
17.282,28.532448
17.302,38.535233
17.322,38.535233
17.341,32.258972
17.361,23.13879
17.381,16.862534
17.402,14.803138
17.421,15.58767
17.441,16.9606
17.461,17.549
17.482,17.450933
17.501,17.352867
17.521,16.9606
17.541,16.862534
17.561,14.607005
17.581,9.899813
17.601,4.2119555
17.621,10.586279
17.641,24.119455
17.661,34.31837
17.681,37.750698
17.701,33.043503
17.721,25.39432
17.741,20.785194
17.761,19.51033
17.781,19.21613
17.801,19.21613
17.821,19.21613
17.841,18.1374
17.861,16.862534
17.881,15.58767
17.901,14.901204
17.921,14.214738
17.941,12.253408
17.961,11.076611
17.981,5.682953
18.001,8.330749
18.021,23.825254
18.041,39.515896
18.061,41.18303
18.081,34.31837
18.101,24.119455
18.12,18.627731
18.14,18.1374
18.161,18.039333
18.181,18.431599
18.2,17.745132
18.22,17.156734
18.24,16.470268
18.261,16.078003
18.28,16.078003
18.3,15.783803
18.32,15.195404
18.341,12.841808
18.36,9.017214
18.38,6.5655513
18.4,9.017214
18.42,25.688519
18.44,40.104294
18.46,40.49656
18.481,32.06284
18.5,21.471659
18.52,17.843199
18.54,18.627731
18.56,19.608397
18.58,19.118063
18.6,18.039333
18.62,16.764467
18.64,16.078003
18.66,16.274136
18.68,16.470268
18.7,16.862534
18.72,16.17607
18.739,15.979936
18.76,14.99927
18.78,11.665009
18.8,6.6636176
18.82,7.1539507
18.84,18.1374
18.86,40.20236
18.88,42.850155
18.9,33.435776
18.92,22.550392
18.94,17.549
18.959,19.118063
18.979,20.88326
18.999,20.294863
19.02,18.823864
19.04,17.647066
19.059,16.470268
19.079,15.979936
19.1,15.489604
19.12,15.391537
19.139,14.508938
19.159,13.724406
19.18,12.547607
19.199,11.665009
19.219,11.566942
19.239,17.941267
19.259,28.140182
19.279,35.495167
19.299,34.514503
19.319,28.924715
19.34,22.060057
19.359,18.333532
19.379,17.450933
19.399,17.058668
19.419,16.862534
19.439,16.862534
19.459,17.058668
19.479,16.6664
19.499,16.764467
19.519,16.372202
19.539,12.743741
19.559,9.213347
19.579,9.311414
19.599,14.4108715
19.619,27.061451
19.639,34.710636
19.658,33.337708
19.679,27.845984
19.699,22.158127
19.719,20.09873
19.739,19.51033
19.759,19.902597
19.779,19.118063
19.798,18.333532
19.819,17.352867
19.839,16.9606
19.858,16.274136
19.878,15.881869
19.899,14.705071
19.918,11.763076
19.938,3.721623
19.958,4.8003545
19.978,20.196793
19.998,34.31837
20.018,43.438557
20.039,33.337708
20.058,24.315588
20.079,17.745132
20.098,18.235466
20.118,18.92193
20.138,19.21613
20.158,18.333532
20.178,17.843199
20.199,17.450933
20.218,16.862534
20.238,16.862534
20.258,16.862534
20.278,16.862534
20.298,16.078003
20.318,12.645674
20.338,2.7409577
20.358,4.5061545
20.378,15.391537
20.398,34.12224
20.418,45.497955
20.438,36.77003
20.458,23.92332
20.478,16.862534
20.498,18.725798
20.518,19.902597
20.537,20.09873
20.558,18.333532
20.578,18.725798
20.598,17.2548
20.618,17.941267
20.637,14.99927
20.657,16.764467
20.678,16.17607
20.698,16.568335
20.717,16.372202
20.737,12.939875
20.758,6.369418
20.778,1.4660932
20.798,13.822473
20.818,33.926105
20.837,44.12502
20.857,38.142967
20.878,26.178852
20.898,18.1374
20.918,17.843199
20.937,18.92193
20.957,19.902597
20.977,19.608397
20.997,18.823864
21.017,17.647066
21.038,17.843199
21.057,17.549
21.077,17.352867
21.097,15.489604
21.118,9.213347
21.137,6.8597507
21.157,4.702288
21.177,11.763076
21.197,28.140182
21.217,38.535233
21.237,37.848766
21.257,29.513113
21.277,21.569727
21.297,19.706463
21.317,18.92193
21.337,19.314196
21.357,19.314196
21.377,18.823864
21.397,17.941267
21.417,18.039333
21.437,18.1374
21.457,17.647066
21.477,17.2548
21.497,16.6664
21.517,14.214738
21.537,8.821081
21.557,3.0351574
21.577,7.0558844
21.597,22.550392
21.617,38.82943
21.637,40.692696
21.656,30.984112
21.676,19.706463
21.697,17.156734
21.717,18.92193
21.736,20.294863
21.756,20.589062
21.777,19.019997
21.797,17.941267
21.816,16.470268
21.836,16.17607
21.857,15.979936
21.876,15.685737
21.896,15.391537
21.916,13.724406
21.937,12.547607
21.956,10.880478
21.976,10.390144
21.996,20.294863
22.016,28.042116
22.036,36.08357
22.056,38.142967
22.076,29.415045
22.096,22.158127
22.116,18.725798
22.136,17.647066
22.156,16.568335
22.176,16.372202
22.196,16.470268
22.216,15.979936
22.236,16.470268
22.256,16.078003
22.276,16.372202
22.296,16.274136
22.316,15.391537
22.336,11.665009
22.356,9.507546
22.376,8.9191475
22.396,18.039333
22.416,31.376377
22.436,40.986897
22.455,36.5739
22.475,25.590452
22.495,18.235466
22.515,17.745132
22.536,17.450933
22.556,17.450933
22.575,16.9606
22.596,16.764467
22.616,17.058668
22.636,17.058668
22.655,17.549
22.675,17.450933
22.696,17.352867
22.715,17.450933
22.735,15.881869
22.755,10.782412
22.775,7.742349
22.795,9.899813
22.815,24.119455
22.835,35.691303
22.855,38.731365
22.875,31.278309
22.895,21.863924
22.915,18.529665
22.935,18.431599
22.955,18.529665
22.975,18.235466
22.995,18.039333
23.015,17.745132
23.035,17.549
23.055,17.647066
23.075,17.647066
23.095,17.745132
23.115,17.156734
23.135,17.352867
23.155,17.058668
23.175,15.489604
23.195,11.763076
23.215,8.036549
23.235,9.311414
23.255,21.863924
23.275,36.5739
23.295,37.358433
23.314,31.572512
23.335,24.413656
23.355,19.019997
23.375,18.92193
23.394,18.725798
23.415,18.823864
23.435,18.235466
23.455,17.352867
23.475,16.764467
23.494,16.372202
23.515,16.568335
23.535,17.156734
23.554,17.647066
23.574,17.450933
23.595,12.253408
23.615,2.839024
23.635,3.427423
23.655,26.571117
23.675,44.223087
23.694,39.61396
23.714,25.492386
23.734,13.724406
23.754,16.078003
23.775,18.431599
23.794,20.294863
23.814,20.785194
23.834,19.706463
23.854,19.019997
23.874,18.039333
23.894,18.039333
23.914,17.745132
23.934,17.156734
23.954,16.470268
23.974,14.312804
23.994,10.586279
24.014,6.4674845
24.034,7.4481497
24.054,17.941267
24.074,32.06284
24.094,39.025562
24.114,37.4565
24.133,28.336315
24.153,20.981327
24.174,19.21613
24.194,17.941267
24.214,17.941267
24.233,17.450933
24.254,16.764467
24.274,16.568335
24.294,16.274136
24.313,15.979936
24.334,15.685737
24.354,15.195404
24.373,12.253408
24.393,8.330749
24.413,7.5462165
24.433,16.274136
24.453,29.513113
24.473,37.064236
24.494,38.142967
24.513,29.513113
24.533,22.256191
24.553,19.51033
24.574,18.431599
24.594,18.333532
24.613,17.941267
24.633,17.156734
24.653,16.6664
24.673,16.568335
24.693,16.9606
24.713,16.6664
24.733,16.6664
24.753,16.470268
24.773,15.783803
24.793,13.33214
24.813,7.840416
24.833,7.0558844
24.853,17.450933
24.873,30.68991
24.893,39.221695
24.913,36.67197
24.933,27.061451
24.953,19.21613
24.973,19.21613
24.993,18.431599
25.013,18.431599
25.033,17.647066
25.053,16.862534
25.073,16.470268
25.092,15.58767
25.113,14.99927
25.133,13.528273
25.152,9.311414
25.172,9.311414
25.192,11.763076
25.212,19.608397
25.232,27.845984
25.253,34.514503
25.273,35.004837
25.292,30.68991
25.312,24.315588
25.332,21.17746
25.352,19.314196
25.372,17.745132
25.392,17.647066
25.413,17.058668
25.432,16.17607
25.452,14.4108715
25.472,14.312804
25.492,13.62634
25.513,11.468876
25.532,7.4481497
25.552,7.742349
25.572,11.468876
25.592,24.609789
25.612,36.966167
25.632,40.20236
25.652,33.141575
25.672,23.629122
25.692,19.608397
25.712,17.843199
25.732,17.843199
25.752,17.843199
25.772,17.647066
25.792,17.156734
25.812,16.764467
25.832,16.764467
25.852,17.058668
25.872,17.2548
25.892,16.9606
25.912,15.58767
25.931,11.272743
25.952,8.036549
25.972,6.4674845
25.992,18.431599
26.012,31.572512
26.032,37.064236
26.051,35.593235
26.072,28.826647
26.092,21.863924
26.112,20.490995
26.131,20.00066
26.151,19.412264
26.172,18.529665
26.191,17.745132
26.211,17.352867
26.232,16.372202
26.251,15.881869
26.271,16.274136
26.292,15.783803
26.312,14.803138
26.331,6.957817
26.351,3.6235564
26.371,5.977153
26.391,22.844591
26.412,37.26037
26.431,41.575294
26.451,35.593235
26.471,24.609789
26.491,18.823864
26.511,20.00066
26.531,19.608397
26.551,19.21613
26.571,18.333532
26.591,17.745132
26.611,17.156734
26.631,16.9606
26.651,16.764467
26.671,16.568335
26.691,16.274136
26.711,15.391537
26.731,11.763076
26.751,5.977153
26.771,3.0351574
26.791,17.843199
26.811,32.160908
26.831,37.554565
26.851,37.064236
26.871,29.31698
26.891,21.373592
26.911,19.118063
26.931,19.314196
26.951,19.21613
26.971,18.823864
26.991,17.745132
27.01,17.352867
27.03,16.9606
27.051,17.2548
27.07,17.745132
27.09,18.235466
27.111,17.549
27.131,17.2548
27.15,16.078003
27.17,12.939875
27.191,12.057276
27.21,11.763076
27.23,18.529665
27.25,26.963383
27.27,32.160908
27.29,33.141575
27.311,28.140182
27.331,22.844591
27.35,18.725798
27.37,17.156734
27.39,17.941267
27.41,17.450933
27.43,16.568335
27.45,15.881869
27.47,15.881869
27.49,15.58767
27.51,13.62634
27.53,10.292078
27.55,9.801746
27.57,15.58767
27.59,24.707853
27.609,34.024174
27.63,34.808704
27.65,29.80731
27.67,22.550392
27.69,18.823864
27.71,17.549
27.729,18.529665
27.75,18.627731
27.77,18.333532
27.79,17.843199
27.809,17.549
27.83,17.941267
27.85,18.529665
27.87,18.529665
27.889,18.1374
27.909,17.352867
27.929,15.979936
27.949,10.488211
27.969,5.388753
27.989,6.8597507
28.009,16.568335
28.029,29.415045
28.049,36.67197
28.069,36.2797
28.089,30.984112
28.109,24.217524
28.129,21.373592
28.149,20.196793
28.17,19.118063
28.189,18.039333
28.209,17.156734
28.229,16.078003
28.25,15.489604
28.269,15.685737
28.289,15.685737
28.309,15.391537
28.329,14.901204
28.349,12.743741
28.369,9.70368
28.389,5.879086
28.409,10.880478
28.429,26.963383
28.449,36.67197
28.469,38.0449
28.489,34.220306
28.509,25.492386
28.529,19.902597
28.549,18.431599
28.569,17.450933
28.588,16.764467
28.608,17.058668
28.629,16.470268
28.649,16.078003
28.669,16.274136
28.689,16.274136
28.708,16.372202
28.729,15.783803
28.748,12.449541
28.768,6.957817
28.788,5.2906866
28.808,12.253408
28.829,28.434381
28.849,38.927498
28.869,39.61396
28.888,31.376377
28.908,23.43299
28.928,20.09873
28.948,19.608397
28.969,19.118063
28.989,18.431599
29.009,18.039333
29.028,17.745132
29.048,17.843199
29.068,18.235466
29.088,17.450933
29.108,16.274136
29.128,14.803138
29.148,9.899813
29.168,5.388753
29.188,4.898421
29.208,9.40948
29.228,19.608397
29.248,32.945442
29.268,39.810093
29.288,38.633297
29.308,30.886044
29.328,23.727188
29.348,20.09873
29.368,18.725798
29.388,18.1374
29.408,17.745132
29.428,16.9606
29.448,15.979936
29.468,15.391537
29.488,15.097337
29.508,14.803138
29.528,13.430206
29.548,11.37081
29.567,7.1539507
29.587,5.977153
29.608,7.3500834
29.628,16.862534
29.648,31.474442
29.668,40.300426
29.688,41.08496
29.708,34.31837
29.728,23.727188
29.747,20.589062
29.767,18.627731
29.787,17.156734
29.808,16.568335
29.828,16.372202
29.848,16.17607
29.868,16.470268
29.888,16.764467
29.907,16.862534
29.927,16.9606
29.947,16.6664
29.967,16.274136
29.988,14.214738
30.007,11.665009
30.027,10.684345
30.047,17.549
30.067,25.39432
30.087,34.31837
30.107,37.26037
30.127,31.278309
30.147,23.629122
30.167,20.490995
30.187,17.941267
30.207,16.862534
30.227,16.078003
30.247,15.195404
30.267,14.705071
30.287,14.214738
30.307,14.116672
30.327,13.62634
30.347,11.076611
30.367,10.488211
30.386,9.801746
30.407,18.039333
30.427,28.140182
30.447,36.475838
30.467,37.1623
30.487,30.984112
30.506,23.236856
30.526,20.00066
30.546,19.019997
30.566,18.333532
30.586,17.843199
30.607,17.352867
30.627,16.6664
30.647,16.372202
30.667,15.783803
30.687,15.489604
30.707,14.705071
30.726,14.116672
30.746,10.292078
30.766,7.1539507
30.786,8.723015
30.806,12.841808
30.826,26.080786
30.846,35.495167
30.866,39.025562
30.887,35.20097
30.906,26.963383
30.926,20.589062
30.946,18.627731
30.966,17.450933
30.986,17.2548
31.006,17.058668
31.026,16.764467
31.046,16.6664
31.066,16.862534
31.086,16.372202
31.106,15.391537
31.126,12.841808
31.146,10.292078
31.166,10.684345
31.186,12.547607
31.206,21.765862
31.226,30.003443
31.246,35.20097
31.266,34.514503
31.286,27.845984
31.306,21.961994
31.326,19.608397
31.346,18.039333
31.366,16.764467
31.386,15.783803
31.406,15.391537
31.425,15.391537
31.445,16.078003
31.466,15.979936
31.486,15.195404
31.505,14.607005
31.525,12.841808
31.546,11.861143
31.566,10.978544
31.586,19.706463
31.606,29.218912
31.626,33.043503
31.645,35.495167
31.665,31.572512
31.685,24.315588
31.705,20.490995
31.725,17.745132
31.745,15.58767
31.765,15.29347
31.785,10.782412
31.805,14.312804
31.825,15.391537
31.845,16.078003
31.865,15.783803
31.885,15.783803
31.905,15.391537
31.925,15.58767
31.945,15.489604
31.965,16.470268
31.985,19.21613
32.005,29.218912
32.025,29.120848
32.045,29.415045
32.065,26.473053
32.085,23.040724
32.105,20.39293
32.125,19.314196
32.145,17.941267
32.165,17.156734
32.185,15.489604
32.205,15.783803
32.225,16.6664
32.245,17.2548
32.264,17.941267
32.285,17.450933
32.305,15.979936
32.324,13.62634
32.345,12.743741
32.365,13.62634
32.385,25.198187
32.405,25.590452
32.425,29.80731
32.445,29.415045
32.465,25.98272
32.485,21.471659
32.504,18.92193
32.524,17.745132
32.544,16.764467
32.564,16.372202
32.584,17.352867
32.604,17.843199
32.624,18.823864
32.644,19.706463
32.665,20.294863
32.684,20.09873
32.704,19.118063
32.724,17.941267
32.745,15.29347
32.764,10.488211
32.784,11.665009
32.804,21.373592
32.824,26.080786
32.844,28.826647
32.864,28.72858
32.884,24.609789
32.904,20.09873
32.924,17.941267
32.944,17.843199
32.964,17.549
32.984,16.470268
33.004,17.843199
33.024,18.039333
33.044,18.333532
33.064,18.529665
33.084,18.529665
33.103,17.549
33.124,14.312804
33.144,11.959209
33.164,16.17607
33.184,21.667791
33.204,30.78798
33.224,29.120848
33.243,24.707853
33.263,19.21613
33.283,17.843199
33.303,17.2548
33.324,15.979936
33.344,17.058668
33.364,17.156734
33.384,17.941267
33.404,18.235466
33.423,19.118063
33.443,19.412264
33.463,19.608397
33.483,19.314196
33.504,18.725798
33.523,16.274136
33.543,12.351475
33.563,11.174677
33.583,15.195404
33.603,21.667791
33.623,29.611177
33.643,31.082176
33.663,27.649849
33.684,21.373592
33.703,19.412264
33.723,18.823864
33.743,18.431599
33.763,17.549
33.783,17.549
33.803,17.352867
33.823,17.2548
33.843,17.941267
33.863,17.450933
33.883,16.9606
33.902,17.450933
33.923,17.2548
33.943,16.568335
33.963,14.018605
33.982,14.4108715
34.003,10.390144
34.023,11.566942
34.043,18.627731
34.063,24.119455
34.083,28.630514
34.103,33.337708
34.123,29.513113
34.143,25.002054
34.163,20.294863
34.182,18.235466
34.202,17.745132
34.222,17.058668
34.243,17.450933
34.263,17.156734
34.283,17.058668
34.303,16.9606
34.322,17.2548
34.342,17.450933
34.363,17.549
34.382,18.333532
34.402,18.333532
34.422,17.352867
34.443,15.391537
34.462,12.841808
34.482,18.235466
34.502,24.707853
34.522,26.374985
34.542,31.474442
34.562,27.94405
34.582,23.727188
34.602,21.569727
34.622,20.196793
34.642,18.823864
34.662,16.470268
34.682,15.097337
34.702,14.803138
34.722,14.508938
34.742,15.195404
34.762,16.17607
34.782,17.058668
34.802,17.843199
34.821,19.019997
34.842,19.118063
34.862,16.862534
34.882,13.62634
34.902,13.037941
34.921,18.725798
34.941,26.080786
34.961,29.02278
34.981,28.924715
35.002,25.98272
35.022,21.569727
35.042,20.09873
35.062,20.09873
35.082,18.725798
35.102,17.2548
35.121,16.862534
35.141,17.156734
35.161,17.058668
35.181,18.333532
35.202,18.529665
35.221,18.1374
35.241,17.745132
35.262,14.803138
35.281,7.1539507
35.301,4.2119555
35.322,12.841808
35.342,28.042116
35.361,37.4565
35.381,33.337708
35.401,25.98272
35.422,19.412264
35.441,17.2548
35.461,18.333532
35.481,19.314196
35.501,18.823864
35.521,18.431599
35.541,17.2548
35.561,16.862534
35.581,17.647066
35.601,18.529665
35.621,18.235466
35.641,18.823864
35.661,18.235466
35.681,17.352867
35.701,13.430206
35.721,7.9384823
35.741,13.920539
35.761,15.489604
35.781,20.981327
35.801,26.178852
35.821,30.984112
35.841,30.297646
35.861,25.39432
35.881,22.158127
35.9,19.412264
35.92,19.019997
35.94,18.039333
35.96,18.039333
35.98,16.6664
36.0,16.6664
36.02,15.979936
36.041,16.372202
36.06,15.783803
36.08,15.489604
36.1,14.607005
36.121,13.62634
36.14,14.312804
36.16,20.88326
36.18,30.984112
36.2,29.80731
36.22,29.513113
36.24,26.178852
36.26,22.256191
36.28,20.39293
36.3,18.725798
36.32,17.2548
36.34,15.685737
36.36,15.58767
36.38,16.17607
36.4,16.17607
36.42,16.568335
36.44,16.862534
36.46,16.568335
36.48,15.685737
36.5,13.33214
36.52,10.782412
36.54,9.70368
36.56,17.941267
36.58,26.473053
36.6,30.984112
36.62,35.299034
36.64,28.924715
36.66,23.727188
36.679,19.804527
36.7,18.725798
36.72,18.235466
36.74,17.058668
36.76,16.470268
36.78,15.979936
36.8,16.470268
36.82,16.274136
36.839,15.881869
36.859,15.58767
36.88,14.99927
36.9,13.822473
36.919,12.939875
36.939,13.234074
36.959,20.09873
36.979,27.061451
36.999,30.984112
37.019,32.160908
37.039,27.453716
37.059,21.275526
37.079,19.902597
37.099,18.235466
37.119,17.549
37.14,16.862534
37.16,16.372202
37.18,16.470268
37.199,16.764467
37.219,17.450933
37.239,17.156734
37.259,16.568335
37.279,14.607005
37.299,12.351475
37.319,11.076611
37.339,12.449541
37.359,21.275526
37.379,27.55178
37.399,34.12224
37.419,32.06284
37.439,26.963383
37.459,21.275526
37.478,18.725798
37.498,18.1374
37.518,18.039333
37.539,16.9606
37.559,16.274136
37.579,16.470268
37.599,16.764467
37.619,16.372202
37.639,16.470268
37.658,15.58767
37.679,14.508938
37.699,12.939875
37.718,10.782412
37.738,17.941267
37.758,24.707853
37.778,29.218912
37.798,30.591843
37.818,28.72858
37.838,24.51172
37.858,21.667791
37.878,20.490995
37.899,19.21613
37.919,19.118063
37.939,17.745132
37.959,16.6664
37.978,15.881869
37.998,15.195404
38.018,14.99927
38.038,14.607005
38.058,13.528273
38.078,13.920539
38.098,12.841808
38.118,14.99927
38.138,20.00066
38.158,27.453716
38.178,30.101513
38.198,31.082176
38.218,26.374985
38.238,22.158127
38.258,20.196793
38.278,19.314196
38.298,18.1374
38.318,17.647066
38.338,16.9606
38.358,16.9606
38.378,17.058668
38.398,16.862534
38.418,16.862534
38.438,16.078003
38.458,14.705071
38.478,12.547607
38.497,9.801746
38.517,11.37081
38.538,19.314196
38.558,24.609789
38.578,28.630514
38.598,30.297646
38.618,29.513113
38.638,26.080786
38.658,23.531055
38.678,20.88326
38.698,19.21613
38.718,17.352867
38.738,16.470268
38.757,15.881869
38.777,15.979936
38.797,16.17607
38.817,15.979936
38.838,15.58767
38.857,14.312804
38.877,12.449541
38.897,12.155342
38.918,11.37081
38.937,16.274136
38.957,23.92332
38.977,30.101513
38.997,33.435776
39.017,30.984112
39.037,25.688519
39.057,20.687128
39.077,19.51033
39.097,18.529665
39.117,17.843199
39.137,17.156734
39.157,16.764467
39.177,16.274136
39.197,16.17607
39.217,16.078003
39.237,15.58767
39.257,15.097337
39.277,13.33214
39.297,11.566942
39.317,10.782412
39.337,21.863924
39.357,31.964777
39.377,34.12224
39.397,32.160908
39.417,25.002054
39.437,19.412264
39.457,18.92193
39.477,18.333532
39.497,18.333532
39.517,17.941267
39.537,16.9606
39.557,16.274136
39.577,15.979936
39.596,15.489604
39.616,15.29347
39.637,14.901204
39.656,14.4108715
39.676,13.724406
39.696,11.468876
39.717,14.4108715
39.737,21.569727
39.757,28.434381
39.777,33.926105
39.797,33.63191
39.816,28.042116
39.836,23.13879
39.856,20.589062
39.876,18.627731
39.896,16.9606
39.916,16.470268
39.936,15.685737
39.956,15.881869
39.976,16.17607
39.996,16.6664
40.016,16.6664
40.036,16.078003
40.056,15.391537
40.075,14.312804
40.096,11.566942
40.116,9.11528
40.136,15.685737
40.156,23.236856
40.176,29.90538
40.196,35.299034
40.216,32.06284
40.235,26.963383
40.256,20.981327
40.276,19.019997
40.295,17.745132
40.315,17.647066
40.335,17.156734
40.355,16.470268
40.375,16.470268
40.395,16.764467
40.416,17.647066
40.436,17.647066
40.455,17.843199
40.475,17.745132
40.496,16.568335
40.516,10.978544
40.535,10.194012
40.555,10.488211
40.575,19.706463
40.595,27.94405
40.615,35.789368
40.635,35.299034
40.655,28.72858
40.675,22.158127
40.695,20.09873
40.715,19.21613
40.735,18.627731
40.755,18.1374
40.775,17.352867
40.795,16.6664
40.815,15.783803
40.835,14.99927
40.855,14.901204
40.875,14.705071
40.895,14.4108715
40.915,15.979936
40.935,16.470268
40.955,14.99927
40.975,13.33214
40.995,18.627731
41.015,24.413656
41.035,31.670574
41.055,33.82804
41.075,29.120848
41.095,22.550392
41.115,18.333532
41.135,17.745132
41.155,17.843199
41.175,17.2548
41.195,17.156734
41.215,16.568335
41.235,16.6664
41.255,16.862534
41.274,16.9606
41.295,17.156734
41.315,17.156734
41.334,16.372202
41.354,15.195404
41.374,12.547607
41.395,13.920539
41.415,20.981327
41.435,27.061451
41.455,31.474442
41.474,29.90538
41.494,26.178852
41.514,21.079393
41.534,19.21613
41.554,18.529665
41.574,17.941267
41.594,17.647066
41.614,17.647066
41.634,17.156734
41.654,16.9606
41.674,16.372202
41.694,15.979936
41.714,15.489604
41.734,15.097337
41.754,14.803138
41.774,14.901204
41.794,19.608397
41.814,25.786585
41.834,30.493778
41.854,31.082176
41.874,26.865318
41.894,22.35426
41.913,20.294863
41.934,18.529665
41.954,17.647066
41.974,16.470268
41.993,15.489604
42.014,14.508938
42.034,14.803138
42.054,14.803138
42.073,15.489604
42.094,16.568335
42.114,17.843199
42.133,15.783803
42.153,14.312804
42.174,18.92193
42.194,23.43299
42.214,26.669186
42.234,28.434381
42.254,27.257584
42.274,24.805922
42.294,21.961994
42.314,20.490995
42.333,19.412264
42.353,18.529665
42.373,17.2548
42.393,16.568335
42.413,16.078003
42.433,16.274136
42.453,16.6664
42.473,16.274136
42.494,15.881869
42.513,14.214738
42.533,12.547607
42.553,10.390144
42.573,16.862534
42.593,24.51172
42.613,30.493778
42.633,33.141575
42.653,29.218912
42.673,24.51172
42.693,20.589062
42.713,20.294863
42.733,19.21613
42.753,18.333532
42.773,16.862534
42.793,15.979936
42.813,16.372202
42.833,16.372202
42.852,16.17607
42.873,16.568335
42.893,16.568335
42.912,16.470268
42.932,15.783803
42.953,13.33214
42.973,14.4108715
42.993,19.804527
43.013,25.98272
43.033,31.474442
43.053,32.35704
43.073,27.061451
43.093,21.569727
43.113,19.706463
43.132,18.725798
43.152,18.235466
43.172,17.352867
43.192,16.274136
43.212,15.685737
43.233,15.391537
43.252,15.391537
43.272,15.685737
43.292,15.58767
43.312,16.078003
43.332,14.607005
43.352,15.29347
43.372,19.902597
43.392,24.609789
43.412,28.924715
43.432,30.101513
43.452,27.453716
43.472,23.629122
43.492,20.294863
43.512,19.412264
43.532,17.843199
43.552,17.549
43.572,16.862534
43.592,15.881869
43.612,15.391537
43.632,15.195404
43.651,15.097337
43.672,14.99927
43.692,15.58767
43.712,14.803138
43.731,17.450933
43.751,21.863924
43.771,26.276918
43.791,30.003443
43.811,30.591843
43.831,25.688519
43.852,21.275526
43.871,18.627731
43.892,17.647066
43.912,17.352867
43.931,17.647066
43.951,17.450933
43.972,17.2548
43.991,17.2548
44.011,17.450933
44.032,17.450933
44.052,17.156734
44.071,17.352867
44.091,16.862534
44.112,14.99927
44.131,14.312804
44.151,14.312804
44.171,19.51033
44.191,23.629122
44.211,27.355648
44.231,29.513113
44.251,27.649849
44.271,24.315588
44.291,21.079393
44.311,19.412264
44.331,18.1374
44.351,17.549
44.371,17.156734
44.391,16.9606
44.411,17.156734
44.431,16.764467
44.451,17.2548
44.471,17.156734
44.491,16.6664
44.511,15.195404
44.531,14.4108715
44.551,15.489604
44.57,18.431599
44.59,22.844591
44.611,26.178852
44.631,28.042116
44.651,27.159515
44.671,24.51172
44.691,20.981327
44.71,19.706463
44.731,19.118063
44.751,19.019997
44.771,18.431599
44.791,17.745132
44.81,18.039333
44.83,18.1374
44.851,17.941267
44.871,17.745132
44.89,17.745132
44.91,17.156734
44.931,16.6664
44.95,16.17607
44.97,14.705071
44.99,13.430206
45.011,13.037941
45.031,17.843199
45.051,23.334923
45.07,29.218912
45.09,32.74931
45.111,29.80731
45.13,24.217524
45.15,20.294863
45.171,18.725798
45.19,17.549
45.21,16.862534
45.23,16.6664
45.25,17.156734
45.27,16.6664
45.29,17.058668
45.31,17.156734
45.33,17.352867
45.35,17.450933
45.37,17.647066
45.39,17.843199
45.41,17.549
45.43,15.489604
45.45,14.018605
45.47,17.156734
45.49,20.09873
45.51,24.707853
45.53,28.434381
45.55,28.924715
45.57,26.276918
45.589,22.844591
45.61,20.39293
45.63,19.314196
45.65,18.039333
45.67,18.1374
45.69,17.843199
45.71,17.647066
45.73,18.1374
45.749,17.941267
45.769,17.647066
45.789,17.549
45.81,16.764467
45.83,15.979936
45.849,14.4108715
45.869,14.018605
45.89,12.743741
45.909,18.333532
45.929,25.002054
45.949,29.02278
45.969,30.493778
45.99,27.257584
46.009,22.452324
46.029,19.804527
46.049,19.412264
46.069,18.627731
46.089,18.333532
46.109,17.549
46.129,17.058668
46.149,16.764467
46.169,16.568335
46.189,16.568335
46.209,16.470268
46.229,16.17607
46.249,15.685737
46.269,14.4108715
46.289,14.901204
46.309,20.687128
46.329,25.590452
46.349,28.434381
46.369,28.434381
46.389,25.492386
46.409,21.667791
46.429,19.804527
46.449,19.118063
46.469,18.235466
46.489,18.1374
46.509,17.745132
46.528,17.647066
46.548,17.549
46.569,16.764467
46.589,15.783803
46.608,13.822473
46.629,12.743741
46.649,13.724406
46.668,14.116672
46.688,19.804527
46.708,24.609789
46.728,28.924715
46.748,30.78798
46.769,28.140182
46.789,24.315588
46.809,21.569727
46.829,19.706463
46.848,18.823864
46.868,18.333532
46.888,17.156734
46.908,16.862534
46.928,16.862534
46.948,16.9606
46.968,16.764467
46.989,16.6664
47.008,16.372202
47.028,15.58767
47.048,14.99927
47.068,13.724406
47.088,12.253408
47.108,18.725798
47.128,24.315588
47.148,29.611177
47.168,32.06284
47.188,28.924715
47.208,23.92332
47.228,20.196793
47.248,19.21613
47.268,18.235466
47.287,17.549
47.307,17.156734
47.327,16.568335
47.347,16.274136
47.367,16.372202
47.388,16.9606
47.408,17.156734
47.427,16.862534
47.448,16.17607
47.468,15.489604
47.488,14.116672
47.507,15.391537
47.527,21.17746
47.547,26.669186
47.567,29.31698
47.587,30.003443
47.608,25.296253
47.628,21.17746
47.648,19.608397
47.668,18.823864
47.688,18.431599
47.707,17.941267
47.727,17.745132
47.747,17.156734
47.767,17.156734
47.787,17.450933
47.807,17.352867
47.828,16.862534
47.847,15.58767
47.867,13.037941
47.887,12.841808
47.908,14.607005
47.927,21.765862
47.947,26.669186
47.967,29.709248
47.987,28.532448
48.007,24.805922
48.027,21.373592
48.047,19.804527
48.067,19.314196
48.087,18.823864
48.107,18.431599
48.127,17.745132
48.147,17.352867
48.167,17.156734
48.187,17.352867
48.206,17.2548
48.227,16.274136
48.247,14.803138
48.267,12.743741
48.286,13.037941
48.307,13.724406
48.327,19.412264
48.347,23.727188
48.367,27.94405
48.387,30.297646
48.407,28.924715
48.426,24.119455
48.446,20.39293
48.467,19.21613
48.487,18.823864
48.507,18.431599
48.527,18.529665
48.546,17.843199
48.566,17.450933
48.586,16.9606
48.606,16.274136
48.626,15.195404
48.647,14.018605
48.666,13.430206
48.686,14.312804
48.706,14.116672
48.726,19.019997
48.746,23.236856
48.766,28.140182
48.786,31.572512
48.806,28.826647
48.826,23.92332
48.846,20.00066
48.866,18.333532
48.886,17.450933
48.906,17.058668
48.926,16.9606
48.946,17.058668
48.966,17.156734
48.986,17.745132
49.006,18.1374
49.026,17.941267
49.046,17.745132
49.065,17.647066
49.086,17.2548
49.106,16.372202
49.126,13.920539
49.145,11.174677
49.166,10.684345
49.186,20.09873
49.206,29.709248
49.226,35.397102
49.246,32.84737
49.266,25.786585
49.286,19.412264
49.306,18.431599
49.326,18.235466
49.346,17.745132
49.366,17.058668
49.386,16.6664
49.406,16.6664
49.426,16.862534
49.445,17.156734
49.465,17.2548
49.485,16.862534
49.506,15.195404
49.525,13.724406
49.545,13.037941
49.565,13.920539
49.585,19.21613
49.605,24.315588
49.625,28.72858
49.645,30.78798
49.665,28.72858
49.685,24.119455
49.705,19.706463
49.725,18.725798
49.745,18.235466
49.765,17.647066
49.785,17.549
49.805,17.156734
49.825,17.2548
49.845,17.352867
49.865,17.352867
49.885,17.058668
49.905,16.6664
49.925,15.391537
49.945,13.234074
49.965,13.724406
49.985,15.097337
50.004,21.569727
50.024,25.786585
50.044,30.297646
50.064,29.31698
50.084,25.296253
50.105,20.589062
50.125,18.92193
50.145,19.21613
50.165,19.21613
50.185,19.019997
50.205,18.725798
50.225,18.039333
50.245,17.745132
50.265,17.549
50.285,17.450933
50.304,16.9606
50.324,15.783803
50.345,13.920539
50.364,11.076611
50.384,12.449541
50.404,14.312804
50.424,21.569727
50.444,27.355648
50.464,30.78798
50.484,30.78798
50.504,25.98272
50.524,21.471659
50.544,19.019997
50.564,18.627731
50.584,18.235466
50.604,18.235466
50.624,17.156734
50.644,16.9606
50.664,16.470268
50.684,16.274136
50.704,15.58767
50.724,13.430206
50.744,10.292078
50.764,11.566942
50.784,14.803138
50.803,23.040724
50.823,27.94405
50.843,30.003443
50.863,27.257584
50.884,23.92332
50.904,21.17746
50.924,19.51033
50.944,18.92193
50.964,19.118063
50.984,18.627731
51.004,18.725798
51.024,18.431599
51.044,18.627731
51.064,19.314196
51.084,19.804527
51.104,20.294863
51.123,20.294863
51.143,20.196793
51.163,19.804527
51.183,19.608397
51.203,19.21613
51.223,18.823864
51.243,18.725798
51.263,18.725798
51.283,18.725798
51.303,18.627731
51.323,18.823864
51.343,19.019997
51.363,19.118063
51.384,19.21613
51.403,19.608397
51.423,19.706463
51.443,19.706463
51.463,19.706463
51.483,19.804527
51.503,19.804527
51.523,19.902597
51.543,19.608397
51.563,19.51033
51.583,19.412264
51.603,18.92193
51.623,18.431599
51.643,18.529665
51.663,18.431599
51.683,18.529665
51.703,18.725798
51.723,19.118063
51.743,19.51033
51.763,19.706463
51.783,19.21613
51.803,19.314196
51.823,19.412264
51.843,19.314196
51.863,19.019997
51.883,18.92193
51.902,18.823864
51.922,19.019997
